1
31
50
88
102
109
219
225
265
306
307
340
406
438
594
617
657
659
672
706
719
791
890
900
915
964
1034
1049
1075
1112
1114
1140
1171
1186
1190
1217
1233
1356
1379
1384
1437
1462
1465
1505
1610
1638
1672
1706
1725
1734
1827
1829
1893
1906
1912
1987
2016
2187
2199
2214
2215
2281
2332
2338
2351
2352
2380
2498
2531
2548
2572
2585
2622
2636
2644
2818
2840
2961
3006
3097
3099
3126
3129
3137
3175
3199
3202
3234
3239
3247
3407
3463
3510
3537
3666
3677
3685
3697
3700
3706
3774
3788
3819
3887
3929
3941
3977
4005
4028
4041
4136
4164
4169
4252
4291
4335
4374
4416
4541
4545
4584
4586
4622
4661
4680
4690
4735
4842
4964
4973
5011
5056
5145
5186
5228
5234
5244
5300
5306
5315
5382
5388
5418
5465
5511
5524
5569
5605
5612
5668
5671
5693
5697
5731
5772
5801
5861
5868
5884
6012
6038
6083
6116
6129
6150
6158
6171
6286
6364
6516
6525
6644
6671
6692
6693
6811
6870
6887
6906
7167
7288
7441
7453
7456
7571
7594
7628
7652
7687
7764
7838
7920
7960
7977
7980
8012
8075
8226
8295
8323
8388
8413
8439
8501
8539
8560
8632
8670
8727
8749
8788
8811
8875
8896
8933
8992
9056
9065
9097
9115
9232
9244
9247
9261
9396
9434
9466
9532
9557
9654
9704
9812
9843
9889
9919
9936
9947
9996
10030
10056
10092
10123
10161
10208
10257
10306
10309
10316
10590
10626
10658
10662
10723
10751
10941
11126
11140
11157
11172
11210
11213
11308
11311
11332
11373
11388
11422
11457
11504
11549
11592
11594
11597
11678
11700
11715
11786
11803
11828
11876
11931
11940
11984
12008
12085
12116
12159
12288
12314
12347
12483
12588
12613
12637
12664
12712
12775
12863
12979
13063
13070
13074
13155
13160
13172
13263
13298
13364
13380
13421
13474
13503
13520
13531
13609
13662
13670
13704
13744
13745
13795
13881
13889
13910
13963
14016
14099
14177
14179
14197
14198
14205
14217
14220
14323
14326
14451
14562
14563
14586
14683
14695
14723
14731
14783
14885
14902
14917
14954
14970
14990
15066
15082
15090
15104
15123
15180
15187
15197
15204
15302
15368
15375
15384
15501
15616
15637
15652
15690
15726
15752
15782
15817
15821
15857
15976
16001
16054
16055
16094
16152
16163
16174
16203
16255
16262
16317
16382
16394
16413
16488
16517
16523
16563
16595
16601
16655
16664
16684
16688
16744
16773
16821
16909
16911
16917
16993
17042
17052
17061
17099
17108
17136
17171
17187
17228
17261
17263
17296
17356
17371
17406
17433
17466
17579
17607
17679
17709
17869
17906
17927
17945
17987
18000
18020
18166
18209
18235
18361
18488
18498
18513
18539
18567
18580
18681
18740
18760
18761
18778
18785
18800
18817
18850
18898
18937
18963
18968
18989
19034
19053
19073
19076
19078
19111
19199
19260
19279
19311
19355
19367
19380
19505
19517
19590
19597
19660
19679
19716
19776
19796
19801
19824
19873
19953
19992
20095
20165
20181
20187
20211
20224
20264
20296
20305
20380
20385
20430
20456
20472
20519
20559
20599
20600
20613
20676
20679
20713
20720
20787
20804
20851
20855
20869
20894
20912
20955
21065
21093
21110
21129
21133
21170
21209
21212
21350
21390
21408
21461
21471
21489
21519
21523
21562
21571
21575
21592
21738
21837
21985
22016
22024
22033
22117
22162
22166
22182
22252
22315
22333
22433
22466
22543
22598
22623
22643
22685
22802
22856
22918
22925
22956
23141
23242
23284
23325
23403
23467
23471
23569
23613
23624
23651
23664
23701
23717
23751
23759
23798
23819
23841
23861
23875
23886
23894
23969
24011
24027
24048
24087
24107
24114
24152
24173
24175
24278
24284
24299
24316
24343
24407
24494
24537
24550
24614
24619
24638
24640
24693
24709
24731
24770
24788
24964
25001
25021
25091
25129
25361
25405
25407
25499
25510
25548
25623
25647
25654
25739
25766
25963
25973
25978
25991
25994
26101
26113
26121
26201
26288
26384
26394
26468
26483
26506
26511
26561
26600
26622
26647
26652
26654
26759
26763
26790
26817
26822
26825
26852
26880
26932
26941
26952
26970
27018
27085
27112
27146
27148
27151
27196
27245
27291
27311
27341
27343
27344
27435
27523
27589
27694
27707
27716
27717
27755
27807
27815
27979
28010
28046
28071
28119
28159
28189
28229
28233
28235
28309
28358
28376
28405
28406
28459
28543
28567
28674
28684
28709
28713
28759
28846
28863
28886
28907
28968
28974
29000
29002
29169
29207
29234
29349
29401
29514
29519
29529
29565
29602
29620
29642
29721
29784
29805
29851
29924
29978
29987
29992
30038
30043
30118
30161
30178
30194
30215
30220
30263
30276
30363
30379
30404
30420
30462
30525
30546
30565
30580
30619
30637
30649
30733
30776
30814
30850
30853
30934
30954
30973
31008
31009
31039
31089
31106
31115
31176
31205
31291
31298
31403
31422
31453
31458
31490
31643
31722
31771
31845
31905
31920
32040
32064
32065
32115
32273
32407
32439
32495
32591
32729
32766
32810
32952
32984
33010
33088
33089
33110
33147
33219
33248
33362
33433
33472
33483
33486
33639
33671
33739
33782
33809
33813
33830
33839
33893
34006
34072
34073
34077
34078
34232
34251
34271
34285
34348
34366
34386
34395
34402
34423
34456
34480
34502
34507
34526
34549
34572
34573
34633
34665
34753
34796
34872
34973
35037
35038
35073
35080
35188
35218
35257
35260
35262
35288
35330
35331
35358
35372
35402
35476
35520
35568
35579
35618
35657
35676
35733
35795
35799
35893
36010
36143
36277
36283
36315
36329
36384
36458
36479
36504
36549
36634
36659
36695
36713
36794
36807
36846
36978
37012
37014
37050
37088
37157
37220
37245
37326
37363
37376
37407
37478
37490
37499
37509
37535
37540
37544
37552
37629
37730
37782
37819
37857
37927
38071
38116
38153
38277
38280
38363
38379
38393
38406
38426
38483
38501
38516
38532
38561
38601
38602
38644
38663
38740
38759
38778
38793
38804
38820
38836
38933
38998
39041
39099
39115
39117
39238
39274
39320
39427
39449
39517
39567
39570
39696
39721
39743
39801
39832
39837
39839
39841
39870
39879
40037
40052
40063
40079
40080
40083
40101
40265
40291
40324
40393
40414
40450
40507
40508
40596
40599
40605
40619
40638
40693
40722
40724
40734
40753
40810
40812
40825
40895
40976
41089
41128
41169
41173
41357
41361
41363
41396
41408
41409
41427
41468
41508
41535
41571
41580
41592
41614
41640
41787
41811
41885
41895
41899
41920
41967
41976
41977
41996
42000
42042
42055
42127
42128
42139
42149
42208
42224
42244
42246
42253
42264
42306
42349
42387
42395
42414
42441
42458
42462
42554
42556
42560
42591
42667
42727
42739
42841
42900
42941
42994
43081
43104
43112
43121
43199
43282
43311
43333
43376
43437
43552
43560
43591
43596
43604
43634
43642
43695
43696
43721
43739
43815
43859
43863
44056
44206
44245
44289
44315
44321
44372
44391
44394
44449
44521
44554
44638
44646
44710
44716
44723
44775
44786
44810
44873
44881
44919
44920
44928
44945
44952
44964
44969
44996
45048
45055
45059
45198
45235
45241
45284
45287
45405
45418
45426
45465
45466
45498
45539
45614
45658
45672
45673
45715
45735
45760
45813
45829
45832
45841
45848
45905
45920
45922
45943
45984
45993
46004
46079
46166
46171
46178
46221
46227
46323
46356
46438
46599
46623
46647
46654
46685
46696
46698
46713
46774
46775
46808
46848
46878
47002
47050
47066
47128
47174
47187
47262
47307
47340
47367
47419
47435
47448
47511
47512
47574
47619
47648
47656
47660
47690
47697
47709
47743
47767
47841
47876
48033
48126
48150
48152
48171
48260
48308
48339
48340
48345
48353
48405
48451
48471
48568
48626
48646
48652
48662
48672
48734
48766
48827
48916
49031
49057
49065
49073
49125
49137
49147
49151
49158
49206
49208
49228
49238
49260
49266
49278
49369
49370
49460
49461
49520
49534
49611
49634
49642
49664
49766
49779
49783
49842
49864
49879
49926
49971
49997
