1
4
5
19
28
31
35
45
49
50
53
57
61
64
75
77
88
89
96
99
102
103
109
110
112
113
116
126
132
137
138
140
142
145
154
162
165
166
168
184
186
188
191
199
201
213
219
220
223
225
227
230
238
247
248
250
255
265
268
279
283
296
302
304
306
307
311
316
323
330
333
340
341
343
346
349
352
360
364
371
373
393
396
398
400
401
403
406
415
438
453
457
466
473
477
478
481
489
490
495
498
501
504
506
526
546
549
553
564
565
572
580
581
590
591
594
608
612
616
617
620
626
644
646
657
659
661
672
690
694
696
698
699
706
711
714
719
720
723
725
735
736
748
749
757
758
768
791
802
803
823
831
833
835
840
844
848
849
866
871
876
884
885
887
889
890
900
902
915
917
930
946
947
950
964
966
974
975
977
979
980
983
986
989
991
1004
1012
1013
1020
1027
1034
1037
1039
1049
1050
1064
1075
1078
1083
1086
1097
1103
1112
1114
1121
1123
1131
1137
1140
1144
1147
1158
1163
1168
1171
1178
1182
1186
1188
1190
1196
1201
1203
1205
1217
1225
1233
1238
1240
1260
1263
1266
1268
1284
1285
1287
1289
1290
1292
1293
1299
1303
1304
1305
1310
1311
1312
1313
1320
1324
1326
1333
1350
1356
1362
1373
1379
1384
1389
1397
1408
1420
1421
1437
1446
1462
1464
1465
1491
1493
1494
1499
1500
1504
1505
1507
1509
1514
1515
1516
1537
1540
1541
1547
1548
1549
1557
1570
1574
1576
1589
1593
1594
1599
1602
1609
1610
1611
1615
1617
1619
1621
1635
1638
1640
1666
1671
1672
1681
1695
1702
1706
1707
1709
1711
1721
1724
1725
1728
1731
1734
1746
1747
1759
1768
1775
1781
1791
1792
1795
1804
1814
1827
1829
1830
1832
1855
1857
1870
1872
1881
1884
1893
1895
1901
1904
1906
1907
1909
1910
1912
1913
1914
1923
1925
1926
1933
1941
1947
1950
1952
1960
1967
1968
1980
1987
1992
2005
2016
2021
2023
2029
2035
2037
2038
2044
2053
2060
2061
2067
2069
2084
2094
2102
2106
2107
2122
2145
2146
2155
2159
2168
2170
2180
2187
2189
2192
2196
2199
2200
2204
2206
2209
2214
2215
2222
2227
2230
2232
2235
2239
2249
2250
2255
2273
2277
2281
2283
2286
2304
2306
2308
2315
2318
2328
2329
2330
2332
2338
2341
2342
2350
2351
2352
2355
2365
2378
2380
2385
2394
2403
2420
2421
2431
2441
2446
2455
2456
2459
2460
2463
2469
2487
2488
2490
2492
2498
2520
2531
2535
2541
2544
2548
2557
2568
2572
2575
2576
2580
2585
2586
2589
2610
2614
2617
2622
2629
2630
2636
2637
2639
2644
2647
2652
2656
2660
2661
2673
2683
2693
2701
2703
2705
2734
2753
2756
2762
2765
2769
2771
2802
2804
2805
2811
2818
2825
2829
2837
2840
2844
2845
2863
2881
2882
2886
2887
2890
2894
2895
2896
2898
2905
2913
2926
2931
2950
2958
2959
2961
2962
2964
2967
2976
2979
2994
2995
2996
2997
3000
3006
3009
3020
3024
3027
3029
3030
3034
3036
3042
3044
3045
3049
3050
3051
3059
3066
3076
3078
3079
3088
3097
3099
3103
3110
3111
3112
3113
3117
3120
3126
3129
3137
3139
3140
3145
3161
3166
3175
3179
3180
3182
3184
3188
3199
3202
3216
3217
3219
3224
3226
3228
3234
3236
3239
3242
3247
3256
3257
3260
3285
3292
3295
3296
3298
3304
3306
3308
3320
3332
3334
3335
3346
3352
3354
3369
3376
3382
3390
3392
3397
3402
3407
3416
3418
3422
3425
3433
3438
3439
3441
3443
3444
3455
3461
3462
3463
3464
3468
3483
3488
3494
3507
3509
3510
3515
3518
3522
3523
3526
3527
3530
3531
3537
3538
3539
3546
3549
3551
3556
3560
3570
3578
3582
3583
3585
3586
3593
3599
3608
3612
3620
3623
3626
3628
3635
3644
3647
3649
3652
3654
3658
3664
3665
3666
3677
3681
3684
3685
3687
3689
3694
3696
3697
3700
3701
3706
3717
3722
3726
3729
3735
3739
3743
3761
3771
3774
3784
3788
3797
3798
3814
3815
3818
3819
3821
3823
3825
3827
3831
3849
3851
3855
3859
3868
3884
3885
3886
3887
3891
3893
3897
3901
3911
3913
3915
3918
3922
3928
3929
3932
3937
3941
3944
3945
3951
3964
3971
3977
3978
3979
3984
3985
3989
3999
4005
4012
4014
4018
4021
4028
4041
4048
4053
4061
4096
4104
4109
4129
4131
4136
4137
4141
4144
4157
4163
4164
4169
4171
4172
4176
4179
4180
4182
4183
4192
4195
4200
4202
4206
4218
4223
4224
4230
4231
4232
4247
4252
4265
4271
4273
4274
4280
4286
4289
4290
4291
4296
4297
4299
4307
4308
4311
4314
4317
4322
4327
4328
4332
4335
4345
4348
4353
4354
4358
4360
4373
4374
4379
4380
4381
4382
4384
4385
4387
4390
4391
4394
4400
4413
4416
4423
4429
4447
4450
4457
4458
4477
4483
4499
4506
4517
4524
4528
4533
4538
4541
4545
4551
4562
4567
4570
4573
4574
4582
4584
4586
4591
4592
4597
4604
4607
4609
4613
4615
4621
4622
4625
4629
4631
4648
4649
4654
4655
4656
4658
4659
4660
4661
4665
4673
4680
4685
4688
4690
4695
4707
4710
4717
4722
4725
4735
4741
4743
4746
4750
4752
4756
4764
4769
4770
4773
4774
4777
4797
4801
4816
4830
4832
4839
4842
4856
4866
4880
4888
4898
4906
4914
4924
4925
4931
4934
4935
4942
4943
4950
4957
4958
4964
4966
4973
4983
4985
4989
4991
4995
5011
5015
5028
5030
5033
5038
5041
5050
5052
5056
5060
5063
5089
5093
5094
5099
5103
5115
5121
5123
5125
5130
5131
5144
5145
5146
5149
5171
5173
5174
5179
5182
5186
5191
5210
5212
5213
5214
5228
5229
5230
5232
5234
5237
5244
5249
5257
5259
5269
5287
5293
5295
5300
5301
5306
5315
5322
5324
5330
5336
5339
5345
5362
5382
5386
5388
5404
5414
5418
5423
5429
5432
5434
5442
5447
5453
5457
5460
5465
5468
5477
5481
5484
5485
5495
5501
5511
5512
5519
5524
5532
5537
5549
5551
5552
5562
5569
5581
5583
5584
5605
5607
5612
5615
5616
5619
5621
5623
5627
5629
5633
5650
5656
5665
5666
5668
5669
5671
5672
5676
5683
5684
5693
5697
5703
5714
5717
5719
5731
5742
5743
5754
5756
5759
5761
5764
5765
5770
5772
5776
5779
5790
5798
5800
5801
5803
5807
5811
5816
5826
5831
5839
5841
5843
5856
5858
5861
5867
5868
5874
5883
5884
5909
5917
5928
5931
5933
5939
5940
5950
5956
5957
5969
5975
5979
5984
5994
5998
6000
6012
6016
6019
6021
6038
6039
6040
6056
6062
6064
6067
6072
6073
6080
6083
6085
6090
6097
6103
6109
6112
6116
6119
6120
6127
6129
6137
6142
6149
6150
6152
6158
6160
6162
6163
6171
6174
6177
6178
6185
6188
6191
6195
6206
6210
6214
6231
6243
6246
6249
6251
6264
6270
6276
6282
6286
6294
6295
6302
6331
6339
6341
6347
6354
6356
6359
6362
6364
6370
6371
6373
6375
6376
6378
6379
6387
6396
6402
6421
6428
6432
6437
6438
6440
6446
6450
6453
6456
6465
6471
6472
6477
6489
6494
6516
6518
6524
6525
6539
6544
6550
6578
6591
6599
6603
6605
6606
6611
6612
6613
6629
6644
6654
6659
6660
6661
6666
6670
6671
6673
6680
6681
6682
6683
6685
6692
6693
6696
6701
6702
6706
6709
6711
6725
6735
6738
6743
6753
6758
6766
6792
6811
6813
6814
6823
6826
6831
6833
6835
6852
6854
6856
6858
6860
6862
6870
6875
6879
6887
6890
6891
6899
6900
6906
6907
6912
6915
6919
6920
6927
6929
6946
6948
6952
6954
6955
6961
6969
6971
6984
6985
7003
7014
7015
7019
7024
7038
7040
7043
7044
7046
7052
7056
7059
7064
7076
7078
7089
7102
7107
7110
7126
7130
7144
7145
7147
7153
7155
7163
7167
7168
7177
7188
7190
7193
7194
7206
7210
7214
7218
7221
7226
7238
7257
7283
7284
7286
7288
7289
7299
7309
7312
7315
7317
7321
7322
7324
7326
7336
7342
7347
7350
7352
7353
7357
7358
7359
7367
7370
7374
7375
7386
7404
7408
7415
7424
7436
7441
7442
7445
7453
7456
7457
7458
7459
7471
7475
7478
7490
7504
7505
7519
7520
7524
7525
7528
7530
7533
7541
7547
7550
7552
7556
7561
7563
7571
7574
7579
7586
7594
7595
7597
7599
7600
7602
7605
7612
7616
7622
7625
7628
7635
7643
7647
7649
7651
7652
7653
7654
7660
7674
7676
7687
7690
7691
7700
7706
7707
7712
7723
7728
7733
7740
7754
7759
7760
7764
7767
7770
7772
7774
7775
7783
7791
7792
7801
7802
7805
7811
7826
7830
7832
7838
7854
7865
7866
7868
7875
7888
7895
7914
7918
7920
7929
7943
7951
7957
7959
7960
7971
7977
7980
7983
7984
7992
8012
8027
8028
8035
8041
8043
8049
8055
8058
8068
8075
8076
8083
8084
8086
8090
8096
8110
8116
8117
8122
8131
8132
8137
8143
8149
8155
8170
8174
8177
8184
8190
8197
8207
8208
8209
8225
8226
8228
8231
8256
8271
8283
8289
8292
8295
8307
8309
8313
8323
8327
8331
8332
8336
8338
8342
8346
8361
8374
8375
8378
8388
8389
8396
8402
8403
8404
8405
8413
8415
8416
8419
8423
8426
8431
8436
8438
8439
8444
8449
8451
8455
8472
8475
8485
8486
8490
8493
8499
8501
8515
8528
8536
8538
8539
8540
8541
8542
8546
8548
8549
8553
8556
8558
8560
8563
8565
8566
8569
8570
8574
8577
8581
8598
8600
8614
8617
8622
8627
8632
8655
8658
8667
8670
8673
8692
8695
8699
8702
8706
8720
8727
8732
8733
8734
8735
8740
8741
8743
8749
8757
8758
8761
8767
8769
8773
8774
8779
8784
8788
8789
8791
8802
8804
8806
8809
8811
8813
8818
8820
8825
8829
8834
8837
8855
8857
8861
8869
8874
8875
8896
8912
8913
8924
8925
8926
8933
8934
8937
8947
8951
8959
8963
8971
8975
8977
8992
8994
9000
9016
9017
9028
9031
9033
9042
9048
9049
9056
9059
9060
9064
9065
9074
9082
9083
9085
9088
9095
9096
9097
9098
9115
9118
9127
9135
9140
9141
9146
9151
9157
9164
9177
9181
9182
9189
9195
9200
9221
9223
9230
9232
9236
9237
9241
9242
9244
9247
9251
9252
9254
9259
9261
9269
9273
9281
9285
9292
9314
9317
9321
9324
9327
9330
9335
9349
9352
9353
9357
9358
9361
9365
9380
9381
9384
9396
9407
9411
9412
9413
9420
9430
9434
9437
9441
9447
9453
9464
9466
9471
9479
9480
9493
9495
9499
9506
9507
9515
9518
9525
9532
9535
9538
9542
9546
9550
9557
9559
9562
9565
9566
9578
9582
9583
9584
9588
9596
9602
9608
9610
9611
9618
9620
9648
9650
9651
9653
9654
9655
9666
9668
9679
9687
9690
9691
9694
9695
9696
9704
9715
9718
9726
9731
9733
9739
9751
9762
9765
9766
9767
9771
9777
9782
9790
9799
9801
9802
9807
9810
9812
9819
9820
9843
9845
9848
9853
9860
9863
9864
9868
9874
9876
9887
9889
9895
9905
9919
9931
9932
9936
9946
9947
9949
9950
9957
9961
9962
9965
9966
9970
9981
9996
9998
10000
10006
10020
10022
10023
10024
10026
10030
10031
10038
10039
10050
10055
10056
10062
10064
10075
10083
10088
10090
10092
10100
10111
10112
10122
10123
10130
10138
10141
10145
10146
10161
10163
10166
10168
10169
10170
10174
10179
10185
10186
10190
10205
10207
10208
10213
10228
10234
10236
10239
10248
10251
10257
10261
10265
10267
10279
10285
10287
10300
10306
10309
10316
10321
10331
10351
10352
10359
10362
10367
10380
10385
10398
10404
10405
10419
10421
10430
10438
10443
10448
10449
10450
10453
10455
10470
10472
10473
10474
10477
10489
10492
10493
10498
10504
10519
10525
10529
10535
10539
10548
10553
10559
10568
10570
10583
10589
10590
10593
10605
10609
10615
10617
10626
10634
10637
10641
10642
10644
10648
10652
10654
10658
10662
10667
10672
10674
10682
10686
10687
10697
10711
10713
10716
10717
10719
10720
10723
10728
10738
10750
10751
10756
10762
10764
10765
10777
10790
10795
10796
10806
10811
10814
10824
10827
10828
10833
10834
10841
10846
10849
10865
10868
10872
10893
10898
10900
10910
10911
10912
10941
10947
10950
10955
10963
10966
10968
10970
10979
10982
10985
10986
10989
10990
11000
11014
11029
11033
11035
11060
11075
11076
11107
11109
11126
11129
11135
11140
11157
11163
11169
11172
11176
11179
11210
11213
11224
11226
11227
11232
11235
11238
11243
11251
11254
11256
11263
11264
11280
11282
11292
11296
11297
11300
11304
11305
11307
11308
11311
11315
11321
11332
11334
11340
11355
11360
11361
11367
11373
11374
11378
11380
11384
11388
11395
11397
11422
11427
11432
11433
11440
11444
11453
11457
11464
11472
11478
11479
11487
11489
11497
11499
11504
11508
11510
11516
11517
11521
11535
11542
11545
11547
11549
11550
11563
11565
11567
11571
11572
11580
11582
11590
11592
11594
11597
11607
11612
11614
11615
11620
11623
11630
11633
11640
11647
11651
11657
11660
11663
11664
11677
11678
11679
11681
11682
11688
11690
11698
11700
11703
11704
11715
11731
11734
11762
11766
11774
11776
11782
11783
11785
11786
11791
11794
11803
11804
11806
11807
11810
11828
11831
11838
11850
11856
11857
11860
11865
11869
11872
11876
11882
11883
11890
11892
11895
11896
11900
11910
11912
11914
11918
11919
11920
11930
11931
11939
11940
11946
11955
11966
11975
11983
11984
11997
12002
12008
12011
12021
12026
12028
12030
12031
12038
12047
12052
12055
12059
12067
12071
12073
12078
12080
12083
12084
12085
12094
12095
12100
12106
12112
12116
12117
12121
12123
12131
12136
12149
12154
12156
12158
12159
12162
12164
12165
12167
12178
12180
12183
12192
12193
12196
12226
12230
12231
12232
12243
12247
12255
12257
12258
12262
12263
12275
12276
12280
12288
12293
12295
12297
12302
12305
12309
12311
12314
12328
12331
12334
12343
12345
12347
12355
12368
12373
12378
12387
12388
12393
12394
12405
12409
12417
12419
12424
12425
12429
12444
12453
12460
12483
12487
12491
12493
12497
12505
12507
12510
12511
12517
12521
12522
12526
12530
12536
12538
12539
12542
12548
12551
12552
12553
12584
12586
12588
12590
12594
12611
12613
12615
12619
12622
12628
12637
12640
12645
12650
12659
12660
12664
12666
12668
12672
12702
12704
12712
12719
12723
12732
12735
12736
12737
12740
12746
12754
12757
12764
12773
12775
12795
12803
12804
12809
12810
12813
12814
12817
12836
12841
12843
12846
12856
12859
12863
12881
12894
12898
12902
12906
12911
12914
12915
12920
12925
12927
12944
12949
12950
12959
12960
12968
12970
12979
12981
12982
12984
12986
12993
12997
12999
13000
13004
13005
13012
13016
13019
13026
13030
13032
13037
13038
13063
13065
13068
13069
13070
13074
13077
13078
13088
13089
13090
13096
13110
13118
13122
13129
13148
13149
13155
13160
13164
13172
13182
13194
13198
13218
13223
13225
13231
13232
13237
13263
13269
13279
13282
13289
13294
13298
13299
13300
13307
13310
13311
13317
13324
13336
13342
13364
13368
13379
13380
13381
13382
13401
13404
13406
13407
13409
13412
13416
13418
13421
13427
13428
13436
13444
13453
13457
13464
13467
13469
13472
13474
13489
13493
13498
13503
13504
13505
13506
13507
13518
13520
13522
13531
13539
13549
13553
13555
13568
13608
13609
13613
13627
13628
13638
13645
13646
13650
13657
13660
13662
13663
13667
13670
13671
13681
13691
13698
13701
13703
13704
13712
13739
13741
13744
13745
13746
13752
13755
13760
13768
13769
13774
13778
13779
13784
13785
13795
13796
13801
13823
13832
13833
13839
13843
13846
13850
13852
13858
13875
13877
13880
13881
13882
13889
13895
13896
13898
13899
13903
13905
13909
13910
13937
13940
13945
13952
13962
13963
13964
13973
13976
13987
13993
13994
13996
13997
14003
14005
14016
14022
14023
14025
14036
14041
14045
14052
14060
14061
14068
14069
14071
14072
14082
14097
14099
14101
14106
14110
14112
14114
14116
14123
14125
14128
14142
14151
14152
14154
14170
14172
14177
14179
14186
14192
14197
14198
14201
14205
14209
14210
14217
14220
14226
14228
14241
14249
14253
14255
14268
14271
14295
14309
14310
14311
14312
14316
14321
14323
14326
14329
14334
14341
14347
14348
14351
14361
14362
14382
14383
14384
14385
14390
14396
14409
14412
14418
14422
14424
14425
14429
14440
14441
14445
14447
14448
14451
14467
14468
14469
14472
14479
14482
14486
14492
14502
14506
14510
14514
14515
14518
14520
14535
14537
14541
14545
14546
14548
14550
14555
14557
14562
14563
14584
14586
14591
14593
14594
14597
14598
14600
14601
14607
14609
14612
14618
14631
14633
14635
14638
14649
14652
14658
14659
14661
14666
14668
14672
14676
14683
14687
14689
14695
14697
14698
14712
14717
14719
14720
14722
14723
14726
14731
14737
14742
14764
14774
14776
14783
14786
14787
14796
14798
14807
14810
14813
14814
14815
14822
14828
14829
14838
14849
14851
14853
14857
14858
14868
14879
14882
14885
14886
14888
14892
14893
14899
14902
14909
14912
14914
14915
14917
14927
14933
14937
14945
14946
14949
14954
14970
14990
14995
14997
14999
15009
15018
15024
15037
15042
15047
15051
15056
15064
15066
15077
15082
15090
15091
15100
15104
15115
15123
15124
15131
15137
15139
15151
15165
15178
15180
15183
15187
15197
15203
15204
15225
15236
15248
15254
15255
15261
15267
15274
15275
15276
15281
15284
15288
15302
15304
15306
15311
15315
15342
15349
15359
15360
15361
15363
15368
15375
15377
15379
15384
15389
15394
15399
15411
15415
15420
15428
15436
15437
15444
15454
15461
15465
15466
15483
15487
15489
15492
15501
15505
15508
15512
15531
15535
15536
15537
15538
15540
15548
15557
15559
15569
15571
15572
15578
15580
15581
15584
15585
15587
15589
15590
15596
15616
15625
15628
15630
15631
15637
15643
15646
15652
15655
15661
15662
15663
15666
15668
15677
15679
15690
15694
15704
15707
15710
15720
15722
15726
15734
15738
15740
15744
15746
15751
15752
15759
15767
15773
15777
15782
15790
15797
15799
15803
15814
15817
15821
15828
15830
15848
15851
15853
15857
15863
15867
15877
15883
15884
15885
15887
15891
15896
15897
15902
15903
15906
15913
15917
15919
15921
15923
15926
15930
15931
15946
15949
15951
15958
15959
15963
15965
15976
15983
15988
15990
16001
16004
16006
16015
16017
16023
16036
16037
16038
16054
16055
16066
16073
16075
16077
16082
16087
16089
16092
16094
16100
16103
16112
16113
16128
16133
16135
16137
16139
16148
16151
16152
16155
16160
16161
16163
16169
16173
16174
16181
16182
16193
16194
16200
16202
16203
16208
16211
16214
16216
16220
16223
16238
16241
16244
16245
16254
16255
16256
16258
16262
16268
16272
16276
16278
16284
16292
16294
16299
16303
16305
16307
16310
16317
16323
16332
16368
16370
16371
16382
16385
16389
16394
16399
16413
16423
16428
16433
16460
16462
16465
16467
16480
16488
16497
16501
16503
16514
16517
16523
16527
16529
16530
16532
16536
16542
16543
16551
16552
16563
16579
16584
16586
16587
16588
16590
16595
16601
16603
16613
16615
16621
16624
16629
16630
16631
16634
16637
16640
16645
16651
16655
16659
16664
16673
16674
16677
16678
16683
16684
16686
16688
16702
16710
16715
16718
16720
16725
16730
16731
16732
16734
16737
16744
16745
16749
16754
16755
16768
16773
16784
16802
16806
16810
16821
16829
16836
16838
16839
16845
16857
16863
16884
16889
16890
16895
16909
16911
16912
16917
16925
16926
16929
16930
16937
16943
16948
16954
16956
16963
16966
16968
16973
16975
16977
16981
16985
16988
16989
16993
16997
16999
17002
17014
17015
17021
17030
17042
17049
17052
17056
17061
17078
17084
17093
17099
17103
17107
17108
17111
17126
17131
17136
17147
17161
17166
17168
17169
17171
17180
17187
17188
17197
17199
17203
17209
17219
17221
17223
17228
17232
17253
17255
17260
17261
17263
17266
17267
17268
17269
17270
17274
17275
17277
17288
17290
17296
17303
17316
17320
17323
17338
17349
17356
17361
17363
17367
17371
17389
17396
17405
17406
17409
17429
17430
17433
17438
17442
17456
17461
17463
17466
17467
17471
17479
17483
17484
17490
17492
17510
17511
17514
17539
17548
17553
17560
17570
17573
17576
17579
17584
17589
17593
17594
17606
17607
17617
17620
17632
17640
17643
17644
17647
17651
17671
17673
17674
17679
17680
17682
17684
17687
17688
17694
17697
17709
17718
17722
17727
17741
17751
17755
17766
17767
17768
17770
17772
17782
17787
17790
17792
17798
17800
17801
17812
17815
17823
17837
17839
17843
17851
17856
17860
17861
17862
17866
17869
17884
17901
17906
17914
17927
17945
17950
17959
17963
17967
17969
17972
17974
17977
17987
17995
18000
18007
18010
18017
18018
18020
18028
18034
18035
18039
18042
18052
18057
18065
18066
18073
18078
18079
18080
18088
18090
18099
18123
18125
18129
18130
18136
18155
18161
18166
18175
18178
18192
18196
18207
18209
18211
18223
18228
18235
18246
18249
18272
18273
18276
18297
18304
18306
18320
18332
18339
18340
18358
18361
18378
18383
18398
18403
18413
18415
18424
18433
18435
18436
18437
18438
18451
18455
18465
18467
18476
18479
18480
18488
18495
18498
18502
18505
18513
18538
18539
18544
18545
18557
18566
18567
18578
18580
18592
18594
18599
18602
18605
18615
18625
18627
18628
18637
18649
18658
18673
18674
18681
18697
18699
18703
18706
18719
18733
18738
18740
18745
18760
18761
18763
18767
18768
18776
18778
18785
18792
18800
18803
18804
18810
18817
18820
18824
18831
18833
18840
18850
18859
18861
18879
18889
18890
18898
18903
18908
18922
18926
18927
18935
18937
18941
18948
18953
18963
18964
18968
18979
18984
18989
18996
19002
19008
19009
19011
19014
19027
19030
19031
19033
19034
19046
19048
19052
19053
19055
19065
19073
19074
19076
19078
19079
19082
19084
19092
19098
19103
19104
19111
19142
19143
19144
19148
19161
19166
19168
19180
19185
19193
19199
19204
19215
19216
19227
19232
19234
19243
19244
19248
19260
19265
19268
19273
19279
19280
19282
19294
19302
19310
19311
19312
19315
19332
19333
19336
19337
19340
19351
19353
19354
19355
19363
19367
19370
19371
19380
19384
19394
19395
19399
19405
19409
19426
19429
19438
19441
19452
19454
19457
19460
19469
19470
19471
19472
19475
19486
19489
19499
19500
19505
19517
19522
19539
19543
19549
19565
19569
19570
19572
19573
19581
19586
19590
19594
19597
19598
19600
19616
19627
19634
19641
19643
19650
19653
19660
19662
19667
19677
19678
19679
19684
19702
19704
19709
19711
19716
19721
19727
19729
19740
19741
19742
19745
19749
19755
19761
19769
19773
19776
19783
19792
19793
19795
19796
19801
19803
19804
19810
19813
19818
19824
19826
19833
19842
19858
19859
19862
19865
19866
19867
19873
19884
19897
19898
19914
19920
19928
19936
19942
19943
19946
19953
19957
19961
19974
19977
19980
19985
19986
19989
19990
19992
20011
20012
20013
20018
20024
20039
20042
20047
20049
20054
20055
20057
20070
20071
20074
20094
20095
20102
20103
20105
20110
20114
20127
20132
20136
20147
20154
20162
20165
20168
20181
20187
20188
20192
20197
20205
20211
20224
20235
20245
20264
20265
20267
20275
20276
20278
20282
20287
20293
20294
20296
20301
20305
20307
20317
20331
20337
20340
20349
20353
20354
20368
20376
20380
20385
20389
20409
20430
20435
20440
20447
20449
20450
20452
20456
20463
20468
20472
20475
20485
20494
20498
20503
20511
20518
20519
20528
20532
20543
20546
20549
20553
20559
20567
20573
20575
20584
20586
20590
20597
20599
20600
20610
20611
20613
20619
20622
20624
20629
20646
20649
20661
20667
20674
20676
20679
20686
20694
20703
20708
20713
20720
20722
20723
20724
20730
20731
20737
20746
20751
20757
20759
20763
20764
20765
20769
20774
20777
20782
20783
20787
20795
20796
20804
20810
20811
20816
20822
20834
20843
20845
20847
20851
20853
20854
20855
20857
20866
20869
20871
20874
20888
20894
20896
20911
20912
20916
20931
20941
20946
20950
20951
20955
20964
20966
20970
20973
20974
20976
20980
20981
20987
20988
20996
21016
21023
21034
21043
21065
21066
21074
21078
21080
21081
21093
21094
21098
21102
21105
21110
21112
21114
21118
21129
21133
21141
21142
21151
21154
21158
21166
21170
21176
21178
21187
21188
21195
21196
21201
21204
21206
21209
21212
21217
21222
21224
21229
21236
21252
21259
21272
21277
21281
21282
21284
21288
21303
21304
21306
21310
21312
21321
21322
21327
21328
21330
21338
21345
21346
21349
21350
21353
21360
21363
21364
21371
21385
21387
21390
21403
21404
21408
21411
21413
21417
21439
21448
21453
21454
21461
21466
21469
21470
21471
21472
21475
21476
21479
21489
21497
21498
21504
21519
21520
21523
21527
21528
21538
21539
21547
21550
21559
21562
21571
21575
21592
21593
21594
21599
21609
21627
21628
21629
21633
21637
21639
21642
21645
21648
21652
21659
21662
21680
21683
21693
21694
21706
21708
21715
21721
21723
21730
21732
21733
21738
21753
21758
21760
21761
21768
21771
21772
21786
21791
21795
21798
21799
21801
21821
21825
21829
21831
21833
21835
21836
21837
21838
21868
21874
21876
21885
21893
21894
21895
21919
21924
21934
21935
21942
21949
21950
21954
21959
21976
21980
21983
21985
22001
22009
22016
22023
22024
22033
22037
22038
22050
22051
22053
22054
22055
22060
22063
22067
22070
22081
22084
22085
22089
22090
22095
22106
22112
22117
22125
22127
22129
22130
22133
22139
22140
22148
22153
22156
22159
22162
22163
22164
22166
22170
22175
22177
22180
22182
22185
22187
22194
22195
22196
22202
22205
22206
22223
22227
22243
22252
22255
22263
22264
22269
22271
22276
22286
22292
22296
22304
22308
22315
22316
22320
22322
22325
22329
22333
22346
22350
22351
22361
22369
22371
22372
22373
22379
22383
22396
22399
22403
22418
22425
22426
22432
22433
22453
22466
22468
22474
22475
22479
22480
22482
22495
22503
22505
22508
22513
22516
22532
22533
22538
22540
22543
22544
22546
22549
22550
22552
22557
22573
22574
22575
22584
22588
22596
22598
22601
22605
22607
22609
22622
22623
22627
22641
22643
22646
22648
22651
22652
22658
22665
22672
22677
22680
22684
22685
22688
22694
22706
22727
22733
22735
22738
22740
22746
22749
22750
22755
22776
22777
22783
22785
22798
22802
22805
22817
22818
22820
22821
22822
22824
22825
22826
22829
22831
22833
22843
22856
22858
22872
22873
22875
22881
22899
22900
22902
22909
22918
22925
22931
22936
22939
22943
22950
22951
22952
22956
22957
22959
22967
22970
22975
22982
22989
22991
22996
22997
23006
23009
23012
23022
23043
23047
23048
23052
23058
23071
23077
23078
23088
23089
23099
23100
23101
23103
23106
23107
23120
23126
23131
23133
23134
23141
23151
23157
23161
23163
23164
23169
23172
23175
23187
23192
23199
23200
23203
23208
23215
23220
23224
23231
23240
23241
23242
23248
23260
23263
23276
23277
23280
23284
23291
23293
23297
23309
23311
23320
23325
23327
23329
23332
23345
23353
23361
23391
23393
23394
23403
23407
23413
23425
23427
23431
23436
23439
23440
23458
23462
23466
23467
23468
23471
23474
23476
23477
23478
23483
23489
23491
23493
23500
23504
23507
23508
23511
23524
23527
23529
23530
23532
23546
23550
23551
23569
23575
23581
23586
23593
23602
23603
23609
23613
23624
23627
23637
23638
23645
23648
23651
23654
23655
23659
23664
23684
23701
23702
23703
23711
23716
23717
23723
23751
23754
23755
23759
23760
23767
23776
23780
23781
23783
23786
23789
23791
23798
23799
23805
23813
23819
23822
23825
23830
23832
23835
23836
23841
23842
23846
23847
23852
23854
23861
23863
23865
23868
23875
23886
23894
23895
23921
23927
23929
23933
23934
23943
23944
23954
23958
23961
23964
23968
23969
23994
24002
24008
24009
24011
24021
24027
24029
24038
24039
24041
24046
24048
24054
24058
24065
24068
24070
24072
24075
24080
24087
24094
24096
24106
24107
24108
24110
24111
24114
24116
24117
24119
24131
24136
24137
24138
24144
24145
24146
24151
24152
24161
24163
24169
24173
24175
24177
24179
24197
24200
24206
24211
24222
24247
24250
24253
24257
24263
24272
24278
24280
24284
24299
24306
24307
24316
24318
24336
24341
24343
24351
24356
24360
24365
24369
24371
24393
24395
24405
24407
24408
24417
24425
24428
24441
24446
24454
24462
24464
24466
24470
24474
24480
24486
24493
24494
24504
24507
24510
24513
24514
24517
24518
24520
24524
24535
24537
24541
24549
24550
24566
24570
24586
24591
24594
24600
24605
24607
24614
24619
24620
24625
24627
24630
24638
24640
24653
24657
24658
24664
24665
24668
24676
24678
24680
24682
24686
24693
24695
24700
24706
24709
24713
24722
24724
24725
24731
24734
24739
24746
24762
24770
24777
24778
24785
24788
24790
24795
24797
24802
24804
24806
24809
24810
24820
24829
24833
24836
24844
24851
24859
24866
24870
24883
24884
24895
24897
24901
24902
24935
24943
24957
24963
24964
24968
24971
24975
24994
24996
24999
25001
25003
25004
25010
25014
25017
25021
25022
25024
25027
25036
25048
25049
25060
25066
25071
25078
25091
25098
25100
25106
25112
25114
25122
25123
25129
25130
25143
25144
25150
25158
25159
25161
25165
25167
25173
25177
25181
25182
25186
25189
25191
25192
25198
25199
25206
25207
25209
25221
25224
25231
25232
25236
25239
25242
25267
25273
25275
25278
25280
25282
25286
25288
25289
25290
25314
25316
25319
25325
25329
25331
25332
25337
25338
25342
25344
25347
25357
25361
25362
25363
25366
25379
25383
25400
25401
25403
25405
25407
25422
25426
25428
25433
25434
25435
25437
25439
25461
25462
25466
25478
25488
25493
25499
25502
25506
25510
25514
25528
25529
25532
25534
25542
25543
25548
25577
25585
25614
25617
25623
25627
25630
25635
25637
25646
25647
25652
25654
25659
25671
25672
25675
25676
25682
25689
25697
25700
25701
25704
25708
25710
25724
25728
25731
25736
25739
25746
25754
25762
25763
25766
25767
25779
25781
25786
25798
25803
25806
25813
25820
25834
25842
25843
25844
25852
25856
25857
25860
25862
25866
25883
25898
25904
25905
25907
25912
25920
25921
25926
25929
25930
25931
25932
25941
25949
25962
25963
25970
25973
25974
25976
25977
25978
25991
25992
25993
25994
26000
26002
26005
26020
26039
26045
26047
26055
26065
26068
26080
26090
26092
26094
26099
26101
26113
26116
26121
26124
26144
26158
26159
26162
26168
26177
26184
26200
26201
26204
26217
26240
26242
26249
26250
26267
26274
26283
26284
26288
26293
26297
26300
26304
26318
26327
26332
26338
26346
26348
26351
26358
26360
26362
26375
26376
26378
26380
26384
26385
26391
26394
26396
26397
26400
26404
26405
26416
26419
26424
26429
26433
26452
26459
26460
26468
26475
26483
26488
26500
26506
26508
26509
26511
26518
26519
26521
26526
26536
26540
26546
26550
26552
26561
26571
26577
26584
26585
26592
26600
26607
26622
26628
26629
26631
26636
26647
26649
26652
26654
26655
26662
26667
26684
26693
26707
26710
26722
26724
26729
26733
26744
26756
26759
26763
26766
26769
26774
26789
26790
26797
26801
26813
26815
26817
26822
26823
26825
26832
26837
26846
26850
26852
26865
26869
26870
26877
26878
26880
26881
26894
26897
26899
26901
26905
26915
26918
26926
26929
26932
26935
26936
26937
26941
26943
26946
26952
26970
26975
26978
26989
27004
27007
27009
27011
27014
27018
27023
27024
27029
27030
27037
27043
27048
27050
27058
27059
27062
27071
27073
27082
27084
27085
27100
27103
27106
27112
27117
27122
27130
27132
27135
27137
27143
27146
27147
27148
27151
27165
27166
27173
27174
27175
27184
27191
27195
27196
27199
27211
27216
27218
27227
27231
27234
27239
27244
27245
27247
27255
27256
27259
27268
27278
27280
27285
27287
27291
27303
27306
27311
27318
27320
27321
27324
27341
27342
27343
27344
27354
27358
27363
27365
27366
27382
27390
27391
27394
27399
27403
27404
27417
27419
27420
27430
27431
27435
27438
27439
27440
27448
27450
27453
27461
27465
27466
27483
27500
27503
27506
27517
27518
27523
27525
27527
27545
27551
27552
27555
27562
27569
27571
27575
27579
27582
27583
27589
27592
27600
27607
27609
27613
27624
27625
27626
27627
27629
27630
27636
27638
27642
27644
27645
27646
27649
27650
27658
27659
27660
27663
27668
27675
27685
27686
27693
27694
27700
27702
27706
27707
27710
27716
27717
27719
27730
27749
27752
27755
27757
27758
27760
27774
27777
27780
27803
27807
27815
27817
27821
27832
27834
27850
27852
27862
27864
27871
27874
27875
27882
27883
27884
27888
27891
27897
27905
27921
27939
27946
27952
27961
27962
27964
27969
27970
27979
27986
27993
27994
28000
28005
28008
28010
28013
28014
28024
28027
28029
28033
28038
28040
28041
28046
28061
28063
28067
28071
28074
28075
28077
28080
28081
28084
28086
28098
28100
28104
28107
28116
28119
28120
28121
28138
28139
28141
28145
28146
28150
28151
28159
28160
28161
28166
28167
28170
28174
28175
28179
28183
28185
28189
28193
28200
28228
28229
28231
28233
28235
28243
28244
28248
28259
28260
28261
28265
28267
28268
28270
28273
28276
28278
28285
28298
28309
28317
28323
28338
28349
28357
28358
28376
28378
28380
28393
28400
28402
28403
28405
28406
28417
28431
28434
28435
28436
28441
28446
28448
28459
28466
28474
28478
28525
28526
28532
28534
28542
28543
28549
28555
28558
28563
28567
28596
28598
28600
28603
28615
28619
28625
28626
28627
28631
28634
28636
28643
28647
28653
28666
28674
28684
28688
28699
28709
28713
28725
28728
28729
28739
28744
28747
28750
28755
28759
28770
28780
28787
28791
28793
28794
28798
28803
28804
28817
28826
28834
28846
28863
28875
28883
28885
28886
28887
28896
28904
28906
28907
28910
28913
28914
28937
28939
28953
28955
28957
28963
28966
28968
28971
28974
28983
28989
29000
29002
29003
29007
29017
29023
29024
29029
29041
29046
29047
29049
29053
29058
29059
29063
29066
29083
29092
29095
29102
29115
29118
29125
29131
29134
29143
29146
29153
29156
29161
29169
29171
29172
29174
29175
29186
29188
29192
29198
29202
29207
29218
29231
29234
29240
29246
29252
29257
29261
29267
29269
29270
29277
29286
29290
29308
29311
29314
29315
29319
29327
29328
29336
29343
29348
29349
29396
29401
29404
29405
29409
29412
29413
29415
29424
29429
29440
29443
29444
29445
29458
29466
29468
29469
29471
29473
29477
29480
29485
29487
29496
29512
29513
29514
29516
29519
29522
29525
29527
29528
29529
29536
29540
29542
29544
29546
29551
29552
29565
29574
29576
29587
29588
29592
29599
29602
29605
29606
29607
29610
29616
29620
29623
29629
29632
29635
29636
29639
29641
29642
29653
29655
29657
29658
29659
29667
29668
29679
29695
29697
29699
29702
29703
29704
29706
29711
29721
29724
29729
29738
29744
29747
29750
29756
29759
29763
29770
29771
29772
29783
29784
29791
29792
29803
29805
29807
29809
29813
29819
29821
29830
29831
29835
29841
29843
29845
29851
29868
29869
29873
29875
29878
29882
29884
29891
29901
29908
29910
29911
29912
29917
29918
29924
29925
29939
29943
29944
29953
29959
29976
29978
29980
29985
29987
29990
29992
30008
30009
30014
30029
30038
30039
30043
30044
30049
30053
30056
30064
30067
30069
30077
30078
30088
30093
30094
30100
30101
30103
30114
30116
30118
30120
30132
30136
30153
30154
30157
30158
30161
30165
30171
30175
30178
30180
30183
30194
30198
30202
30206
30208
30209
30215
30218
30220
30223
30227
30228
30232
30244
30245
30256
30263
30268
30270
30272
30276
30282
30293
30296
30300
30304
30313
30314
30323
30324
30326
30327
30331
30332
30335
30343
30344
30345
30363
30369
30376
30377
30379
30383
30384
30388
30392
30399
30404
30407
30408
30413
30415
30420
30426
30428
30429
30439
30440
30442
30446
30462
30463
30465
30468
30471
30474
30489
30501
30517
30518
30522
30525
30529
30531
30539
30546
30553
30558
30559
30565
30570
30576
30580
30585
30589
30594
30597
30604
30605
30609
30613
30615
30616
30619
30620
30621
30627
30628
30630
30635
30637
30638
30649
30655
30665
30670
30673
30674
30677
30682
30695
30709
30716
30717
30733
30741
30747
30748
30749
30752
30755
30764
30765
30768
30769
30773
30776
30782
30792
30799
30801
30802
30803
30814
30821
30826
30829
30837
30840
30841
30850
30851
30853
30857
30875
30878
30884
30885
30899
30904
30906
30907
30912
30917
30924
30930
30934
30943
30950
30954
30955
30966
30973
30975
30976
30979
30999
31004
31008
31009
31020
31039
31046
31061
31072
31074
31080
31086
31087
31089
31092
31096
31099
31105
31106
31107
31113
31114
31115
31118
31126
31138
31158
31160
31167
31169
31170
31176
31183
31201
31204
31205
31207
31209
31213
31216
31219
31237
31245
31246
31251
31252
31253
31258
31265
31268
31270
31271
31274
31291
31294
31298
31310
31311
31312
31315
31319
31323
31325
31338
31341
31348
31356
31365
31377
31387
31393
31394
31395
31396
31403
31419
31422
31429
31434
31438
31445
31448
31453
31458
31459
31464
31468
31470
31476
31478
31481
31490
31495
31506
31515
31534
31535
31539
31540
31547
31556
31560
31585
31587
31600
31604
31609
31612
31642
31643
31649
31654
31655
31666
31669
31678
31691
31694
31700
31701
31702
31709
31719
31722
31726
31728
31755
31756
31757
31765
31767
31771
31774
31775
31776
31790
31796
31804
31805
31819
31824
31830
31840
31843
31845
31855
31862
31865
31885
31890
31893
31899
31902
31905
31914
31916
31920
31932
31937
31944
31947
31954
31956
31957
31970
31976
31985
31986
31997
31998
32007
32010
32022
32024
32040
32054
32058
32062
32064
32065
32070
32083
32088
32099
32100
32106
32107
32115
32120
32127
32131
32140
32144
32161
32163
32168
32186
32189
32197
32201
32204
32205
32214
32218
32224
32239
32247
32258
32259
32260
32263
32265
32267
32273
32276
32280
32284
32286
32295
32303
32311
32323
32326
32332
32351
32355
32361
32363
32375
32380
32391
32398
32402
32406
32407
32411
32418
32428
32433
32434
32439
32445
32449
32454
32457
32459
32467
32472
32473
32479
32484
32485
32491
32492
32495
32500
32505
32508
32518
32535
32538
32539
32564
32568
32575
32582
32591
32594
32595
32601
32602
32608
32615
32617
32628
32631
32643
32646
32653
32659
32661
32664
32665
32666
32680
32681
32690
32692
32693
32708
32717
32720
32722
32723
32729
32734
32745
32754
32766
32771
32775
32776
32784
32790
32797
32799
32806
32810
32818
32827
32828
32829
32831
32839
32848
32854
32859
32867
32870
32874
32882
32884
32886
32893
32901
32909
32920
32922
32925
32929
32930
32932
32937
32951
32952
32953
32960
32967
32971
32984
32988
32989
32990
33004
33008
33010
33011
33013
33016
33027
33028
33034
33037
33063
33074
33077
33078
33080
33088
33089
33090
33094
33099
33110
33111
33118
33146
33147
33149
33157
33178
33183
33187
33188
33194
33196
33201
33202
33206
33207
33209
33213
33215
33219
33221
33224
33229
33232
33233
33237
33239
33243
33248
33250
33257
33261
33267
33268
33272
33273
33285
33293
33296
33301
33305
33307
33308
33314
33316
33334
33336
33341
33342
33347
33349
33352
33362
33369
33370
33376
33382
33383
33390
33400
33401
33408
33414
33415
33418
33419
33421
33426
33433
33434
33437
33440
33441
33444
33447
33456
33458
33465
33471
33472
33483
33486
33495
33502
33505
33507
33510
33512
33514
33519
33527
33531
33532
33537
33539
33540
33550
33558
33561
33563
33581
33584
33589
33593
33594
33596
33597
33611
33617
33620
33639
33640
33641
33647
33650
33651
33662
33665
33666
33667
33671
33674
33675
33681
33683
33685
33686
33687
33693
33703
33712
33718
33719
33724
33725
33727
33732
33739
33741
33742
33743
33744
33745
33749
33750
33753
33754
33762
33766
33772
33781
33782
33785
33796
33797
33798
33808
33809
33813
33819
33826
33828
33830
33831
33838
33839
33848
33859
33865
33879
33883
33886
33890
33893
33899
33905
33910
33920
33923
33924
33941
33945
33950
33951
33961
33966
33975
33982
33985
33990
33993
33998
34002
34006
34009
34012
34017
34024
34026
34032
34033
34035
34038
34040
34052
34060
34063
34064
34070
34072
34073
34075
34077
34078
34080
34081
34083
34090
34103
34107
34110
34120
34123
34128
34130
34131
34138
34139
34153
34157
34159
34162
34167
34173
34181
34189
34190
34199
34201
34202
34217
34222
34227
34232
34238
34246
34249
34250
34251
34255
34258
34263
34270
34271
34275
34285
34289
34301
34307
34320
34321
34327
34331
34336
34337
34342
34343
34347
34348
34350
34352
34366
34368
34370
34376
34381
34385
34386
34395
34402
34420
34423
34425
34426
34435
34442
34454
34456
34480
34486
34491
34502
34507
34526
34533
34538
34540
34543
34547
34549
34555
34556
34558
34561
34567
34568
34571
34572
34573
34574
34585
34586
34589
34600
34616
34619
34633
34646
34665
34667
34671
34688
34692
34699
34701
34705
34715
34724
34730
34731
34742
34745
34752
34753
34758
34761
34766
34768
34776
34780
34781
34784
34796
34802
34808
34824
34827
34828
34830
34840
34843
34856
34871
34872
34876
34895
34905
34907
34911
34914
34927
34939
34948
34949
34953
34958
34964
34973
34989
35010
35012
35018
35021
35028
35033
35037
35038
35039
35042
35043
35046
35047
35048
35050
35066
35072
35073
35078
35080
35086
35087
35089
35095
35104
35107
35120
35121
35135
35146
35151
35167
35180
35182
35184
35188
35199
35218
35222
35228
35248
35250
35256
35257
35258
35259
35260
35262
35263
35276
35279
35288
35308
35327
35330
35331
35343
35344
35354
35355
35356
35358
35364
35371
35372
35373
35380
35381
35391
35393
35401
35402
35414
35418
35421
35423
35430
35431
35440
35442
35443
35446
35454
35456
35457
35465
35468
35474
35476
35490
35498
35503
35504
35514
35517
35520
35525
35526
35527
35539
35546
35563
35566
35568
35576
35579
35587
35594
35596
35605
35611
35618
35623
35625
35634
35635
35647
35651
35657
35669
35676
35688
35689
35699
35701
35705
35708
35713
35717
35725
35728
35729
35733
35742
35744
35747
35758
35760
35768
35774
35776
35779
35781
35789
35791
35795
35796
35797
35798
35799
35805
35806
35810
35817
35820
35834
35837
35838
35839
35846
35847
35850
35852
35858
35859
35861
35863
35868
35872
35877
35883
35884
35893
35907
35915
35917
35921
35927
35928
35929
35939
35942
35943
35946
35948
35954
35962
35971
35979
35983
35988
35990
36008
36010
36021
36032
36033
36039
36046
36055
36059
36064
36067
36071
36081
36083
36090
36092
36095
36101
36106
36115
36142
36143
36153
36156
36165
36175
36179
36180
36181
36184
36187
36194
36198
36204
36208
36225
36231
36237
36238
36245
36250
36251
36254
36272
36276
36277
36279
36283
36287
36289
36292
36302
36304
36305
36311
36312
36314
36315
36323
36325
36326
36329
36333
36334
36343
36365
36370
36383
36384
36395
36396
36400
36422
36441
36450
36455
36457
36458
36463
36464
36467
36470
36474
36479
36480
36482
36485
36490
36500
36501
36504
36506
36520
36522
36529
36531
36542
36549
36550
36559
36563
36564
36569
36573
36578
36594
36595
36606
36612
36614
36621
36623
36631
36634
36635
36641
36648
36651
36659
36663
36665
36671
36672
36683
36686
36695
36698
36702
36705
36706
36710
36711
36713
36736
36749
36750
36763
36764
36771
36774
36777
36780
36788
36794
36797
36807
36808
36809
36818
36823
36837
36838
36844
36846
36850
36853
36867
36879
36884
36888
36889
36900
36915
36918
36921
36924
36925
36929
36934
36938
36941
36950
36960
36967
36969
36976
36978
36981
36982
36993
37000
37002
37007
37008
37012
37014
37018
37021
37024
37027
37039
37041
37047
37049
37050
37052
37053
37062
37068
37069
37071
37073
37078
37088
37093
37094
37123
37124
37146
37155
37157
37160
37163
37177
37179
37181
37188
37197
37199
37203
37204
37220
37245
37246
37247
37248
37259
37260
37261
37263
37265
37274
37288
37298
37300
37313
37325
37326
37333
37349
37353
37358
37361
37363
37365
37368
37371
37373
37376
37389
37390
37405
37407
37418
37422
37432
37439
37440
37452
37456
37463
37465
37476
37478
37480
37485
37490
37491
37499
37505
37509
37512
37517
37522
37532
37533
37535
37536
37540
37544
37548
37552
37553
37558
37563
37570
37576
37577
37590
37597
37606
37613
37614
37624
37629
37630
37639
37641
37646
37647
37652
37663
37672
37674
37677
37683
37687
37688
37691
37696
37698
37707
37712
37730
37743
37747
37761
37772
37777
37782
37786
37798
37805
37809
37810
37811
37819
37826
37827
37847
37854
37857
37866
37870
37871
37875
37878
37896
37897
37905
37927
37931
37937
37944
37945
37947
37952
37954
37955
37961
37962
37963
37969
37972
37977
37978
37979
37996
37997
38000
38008
38014
38030
38033
38036
38039
38044
38048
38050
38064
38065
38070
38071
38076
38084
38086
38090
38091
38092
38116
38123
38124
38134
38148
38152
38153
38167
38173
38175
38180
38183
38186
38194
38198
38200
38204
38206
38207
38215
38217
38228
38233
38238
38254
38256
38257
38269
38277
38280
38281
38282
38283
38285
38294
38311
38327
38333
38342
38344
38347
38349
38350
38351
38363
38371
38379
38387
38393
38397
38406
38414
38420
38426
38431
38446
38452
38457
38465
38470
38475
38480
38483
38484
38491
38501
38515
38516
38517
38519
38520
38527
38532
38545
38549
38561
38566
38571
38573
38574
38578
38580
38586
38589
38590
38592
38593
38598
38601
38602
38604
38605
38612
38618
38630
38637
38641
38642
38644
38661
38663
38664
38668
38685
38691
38701
38707
38719
38723
38740
38755
38756
38759
38770
38774
38776
38778
38793
38794
38799
38804
38805
38818
38820
38828
38836
38838
38843
38847
38869
38872
38878
38883
38899
38902
38905
38906
38910
38913
38916
38923
38930
38933
38935
38937
38938
38940
38943
38948
38953
38958
38964
38967
38970
38979
38983
38985
38994
38995
38998
39001
39003
39005
39006
39009
39022
39023
39027
39041
39044
39047
39051
39057
39060
39068
39077
39089
39099
39105
39113
39115
39117
39125
39135
39138
39143
39159
39183
39192
39208
39222
39230
39238
39240
39249
39256
39264
39267
39271
39274
39275
39281
39284
39290
39292
39294
39301
39311
39320
39327
39329
39330
39331
39340
39348
39352
39360
39369
39373
39377
39396
39401
39404
39427
39439
39449
39450
39454
39459
39473
39476
39481
39486
39489
39495
39504
39509
39516
39517
39519
39520
39521
39523
39530
39532
39542
39549
39555
39566
39567
39570
39584
39588
39599
39600
39601
39606
39607
39619
39620
39622
39629
39634
39637
39638
39656
39668
39670
39676
39679
39691
39696
39698
39699
39703
39716
39719
39721
39723
39724
39729
39731
39734
39737
39743
39744
39746
39763
39769
39771
39772
39774
39780
39782
39792
39793
39796
39799
39800
39801
39803
39813
39815
39818
39820
39824
39828
39832
39833
39836
39837
39839
39841
39843
39849
39854
39856
39870
39879
39886
39891
39892
39894
39897
39904
39905
39906
39912
39913
39914
39916
39940
39942
39945
39946
39948
39953
39960
39977
39982
39987
39995
40005
40009
40015
40018
40023
40027
40028
40032
40036
40037
40052
40059
40063
40064
40065
40068
40074
40079
40080
40081
40082
40083
40088
40090
40092
40098
40101
40102
40108
40111
40113
40118
40121
40125
40138
40141
40149
40156
40171
40184
40188
40194
40207
40210
40212
40218
40219
40220
40232
40233
40241
40245
40249
40257
40264
40265
40281
40285
40290
40291
40292
40294
40298
40313
40324
40328
40338
40341
40343
40352
40358
40370
40372
40375
40386
40393
40394
40397
40401
40411
40413
40414
40422
40425
40432
40441
40442
40449
40450
40469
40473
40479
40480
40485
40488
40499
40504
40507
40508
40509
40515
40516
40518
40522
40523
40526
40529
40531
40535
40537
40541
40547
40554
40564
40576
40579
40580
40582
40590
40593
40596
40597
40599
40605
40607
40618
40619
40621
40629
40638
40639
40644
40647
40648
40655
40658
40660
40663
40672
40678
40679
40682
40684
40693
40703
40705
40708
40710
40711
40715
40718
40722
40724
40727
40734
40739
40740
40753
40757
40762
40777
40790
40803
40807
40808
40809
40810
40812
40814
40815
40817
40822
40825
40830
40842
40846
40855
40861
40867
40875
40876
40880
40885
40895
40896
40903
40906
40907
40908
40915
40925
40927
40942
40947
40953
40956
40970
40972
40974
40976
40981
40984
40985
40994
41003
41005
41006
41017
41019
41024
41030
41032
41038
41043
41063
41078
41089
41090
41091
41097
41101
41103
41105
41110
41120
41122
41126
41128
41133
41136
41138
41147
41151
41155
41157
41165
41167
41169
41173
41174
41189
41191
41195
41215
41230
41231
41233
41245
41249
41257
41258
41259
41261
41262
41263
41266
41268
41274
41277
41289
41290
41291
41303
41312
41328
41333
41336
41338
41346
41347
41348
41352
41357
41359
41361
41362
41363
41378
41382
41388
41392
41396
41408
41409
41415
41422
41427
41447
41453
41454
41456
41458
41468
41477
41484
41489
41497
41500
41505
41508
41527
41535
41538
41563
41568
41571
41580
41588
41592
41595
41597
41604
41606
41611
41614
41640
41644
41654
41657
41660
41663
41666
41669
41676
41677
41682
41696
41699
41710
41711
41717
41719
41723
41736
41739
41741
41742
41748
41750
41756
41762
41763
41766
41768
41770
41776
41786
41787
41791
41797
41804
41806
41811
41814
41819
41822
41829
41842
41847
41849
41855
41857
41860
41869
41885
41887
41888
41895
41899
41907
41918
41920
41924
41926
41932
41937
41953
41966
41967
41971
41975
41976
41977
41987
41996
42000
42009
42022
42025
42040
42042
42047
42053
42055
42060
42062
42065
42069
42070
42073
42080
42081
42085
42096
42113
42119
42124
42127
42128
42136
42137
42139
42141
42143
42147
42149
42155
42163
42164
42167
42169
42171
42179
42181
42186
42190
42199
42203
42205
42208
42211
42216
42221
42224
42228
42230
42235
42241
42244
42246
42253
42260
42262
42263
42264
42276
42281
42294
42295
42298
42301
42306
42312
42313
42314
42315
42318
42335
42341
42343
42347
42349
42352
42376
42387
42395
42399
42410
42414
42437
42441
42442
42454
42455
42458
42459
42462
42473
42475
42477
42484
42486
42490
42498
42512
42550
42554
42556
42557
42559
42560
42566
42569
42573
42574
42588
42589
42591
42599
42606
42609
42614
42618
42627
42630
42631
42639
42646
42653
42655
42656
42658
42665
42667
42672
42673
42674
42675
42678
42697
42700
42702
42704
42709
42710
42715
42718
42727
42729
42734
42735
42739
42741
42751
42758
42765
42770
42781
42784
42786
42790
42796
42797
42802
42805
42808
42809
42811
42830
42841
42851
42856
42860
42863
42868
42869
42878
42888
42900
42905
42909
42912
42915
42918
42927
42934
42941
42954
42967
42972
42978
42991
42992
42994
43006
43008
43013
43015
43020
43023
43032
43037
43042
43055
43068
43076
43081
43098
43104
43112
43121
43132
43148
43157
43162
43164
43170
43178
43179
43186
43199
43202
43205
43206
43210
43211
43214
43217
43220
43229
43239
43247
43252
43258
43267
43270
43274
43279
43280
43282
43292
43296
43303
43308
43311
43325
43327
43333
43335
43337
43342
43343
43346
43356
43358
43364
43371
43372
43376
43398
43403
43410
43416
43417
43437
43441
43443
43447
43448
43453
43454
43457
43470
43474
43475
43478
43479
43483
43489
43499
43501
43502
43504
43506
43521
43524
43525
43531
43532
43539
43540
43548
43549
43550
43552
43557
43560
43573
43581
43591
43593
43596
43604
43605
43614
43617
43630
43632
43634
43636
43638
43640
43642
43649
43659
43663
43664
43667
43668
43669
43681
43684
43694
43695
43696
43700
43709
43710
43715
43720
43721
43735
43738
43739
43741
43745
43746
43749
43754
43763
43765
43771
43775
43780
43785
43786
43804
43811
43814
43815
43818
43823
43828
43831
43838
43847
43848
43854
43859
43860
43863
43865
43870
43874
43898
43902
43904
43908
43909
43913
43919
43923
43926
43928
43935
43954
43961
43983
43984
43985
43992
43995
43996
44000
44002
44004
44008
44026
44027
44030
44034
44045
44056
44071
44074
44079
44082
44107
44126
44134
44136
44145
44149
44153
44162
44165
44168
44175
44176
44178
44185
44198
44199
44202
44206
44207
44239
44243
44244
44245
44246
44253
44266
44267
44272
44273
44289
44294
44298
44299
44303
44308
44315
44321
44335
44336
44339
44350
44352
44364
44365
44367
44372
44379
44391
44394
44397
44423
44431
44433
44436
44446
44448
44449
44450
44461
44464
44465
44466
44468
44469
44470
44474
44476
44488
44498
44503
44508
44509
44517
44520
44521
44529
44541
44544
44545
44546
44547
44549
44552
44553
44554
44558
44563
44565
44587
44588
44592
44598
44599
44601
44602
44609
44612
44614
44620
44621
44629
44633
44638
44643
44644
44646
44648
44653
44659
44666
44678
44682
44689
44695
44697
44699
44710
44716
44717
44721
44723
44725
44726
44732
44743
44747
44751
44754
44764
44765
44767
44775
44777
44785
44786
44790
44793
44794
44804
44806
44810
44818
44829
44835
44837
44841
44864
44873
44881
44889
44895
44905
44910
44916
44917
44918
44919
44920
44924
44925
44928
44936
44945
44952
44954
44956
44962
44964
44968
44969
44970
44971
44975
44976
44978
44996
44997
45002
45005
45014
45016
45030
45038
45040
45048
45055
45059
45060
45063
45066
45067
45070
45071
45077
45081
45085
45089
45093
45100
45105
45106
45109
45118
45121
45124
45126
45132
45144
45145
45150
45151
45156
45170
45180
45182
45188
45190
45197
45198
45200
45201
45226
45233
45235
45241
45244
45252
45254
45258
45259
45272
45274
45279
45284
45287
45288
45291
45303
45304
45311
45313
45314
45315
45316
45322
45323
45334
45339
45340
45344
45347
45349
45357
45358
45364
45370
45373
45377
45381
45384
45389
45393
45399
45400
45405
45406
45411
45412
45418
45426
45427
45431
45441
45442
45456
45465
45466
45475
45485
45487
45497
45498
45506
45516
45524
45539
45565
45571
45584
45599
45600
45609
45611
45614
45616
45621
45639
45644
45645
45658
45660
45666
45668
45672
45673
45688
45691
45695
45696
45704
45711
45715
45723
45729
45734
45735
45744
45745
45754
45755
45760
45768
45773
45775
45780
45785
45789
45797
45801
45804
45813
45820
45827
45829
45832
45835
45839
45840
45841
45848
45863
45866
45867
45877
45878
45886
45892
45894
45899
45902
45905
45906
45920
45922
45935
45943
45946
45953
45959
45965
45972
45977
45981
45982
45984
45993
46004
46005
46019
46043
46046
46047
46059
46061
46068
46070
46073
46076
46079
46104
46108
46113
46115
46117
46118
46127
46131
46132
46137
46140
46141
46145
46150
46153
46162
46164
46166
46171
46174
46178
46205
46206
46207
46213
46218
46219
46221
46225
46227
46228
46230
46232
46233
46244
46245
46268
46284
46294
46300
46308
46321
46323
46328
46332
46333
46335
46338
46339
46343
46351
46356
46362
46366
46367
46376
46396
46414
46419
46420
46427
46430
46438
46446
46448
46452
46458
46461
46476
46477
46486
46502
46511
46513
46516
46520
46524
46526
46527
46530
46544
46547
46553
46564
46578
46581
46586
46588
46592
46593
46599
46616
46618
46623
46629
46631
46632
46643
46647
46648
46650
46652
46654
46655
46663
46664
46674
46678
46680
46685
46689
46695
46696
46698
46706
46707
46713
46717
46718
46721
46723
46730
46731
46733
46741
46744
46748
46750
46752
46753
46759
46763
46769
46770
46774
46775
46776
46786
46788
46792
46802
46807
46808
46814
46831
46832
46843
46845
46848
46850
46861
46865
46866
46872
46877
46878
46881
46883
46893
46904
46906
46910
46919
46935
46940
46943
46945
46947
46966
46981
46986
46990
46993
47001
47002
47005
47017
47021
47022
47026
47033
47045
47048
47050
47053
47058
47060
47066
47083
47085
47087
47093
47101
47104
47106
47108
47110
47120
47124
47128
47141
47144
47150
47155
47156
47163
47166
47171
47172
47174
47176
47182
47187
47190
47199
47201
47215
47226
47228
47233
47237
47242
47243
47244
47249
47254
47262
47267
47271
47273
47277
47287
47288
47299
47300
47305
47307
47310
47314
47318
47320
47324
47328
47337
47340
47344
47348
47349
47360
47362
47363
47364
47366
47367
47374
47377
47380
47384
47392
47397
47398
47401
47403
47404
47407
47419
47429
47430
47431
47435
47442
47448
47457
47470
47474
47483
47487
47488
47511
47512
47525
47529
47540
47541
47551
47564
47566
47573
47574
47582
47585
47588
47593
47594
47614
47616
47617
47618
47619
47624
47631
47637
47642
47644
47645
47648
47656
47660
47664
47671
47686
47690
47691
47697
47704
47706
47709
47710
47711
47735
47743
47746
47749
47754
47756
47760
47761
47763
47766
47767
47771
47772
47798
47809
47823
47836
47837
47841
47842
47845
47850
47852
47865
47869
47870
47873
47874
47876
47883
47888
47891
47903
47909
47910
47912
47924
47925
47927
47936
47939
47944
47955
47958
47972
47974
47985
47986
47989
47999
48001
48009
48015
48017
48024
48025
48029
48031
48032
48033
48034
48046
48053
48059
48064
48071
48075
48087
48091
48093
48094
48096
48099
48100
48102
48105
48122
48126
48143
48150
48151
48152
48159
48163
48164
48171
48179
48185
48188
48211
48212
48222
48224
48228
48234
48237
48244
48246
48254
48256
48257
48260
48269
48279
48280
48291
48293
48295
48305
48308
48310
48315
48316
48317
48318
48321
48322
48329
48334
48338
48339
48340
48345
48353
48355
48359
48360
48375
48379
48385
48386
48388
48389
48391
48399
48405
48410
48415
48416
48424
48426
48435
48438
48439
48441
48445
48451
48464
48471
48476
48479
48484
48485
48502
48508
48515
48516
48520
48528
48529
48544
48568
48574
48579
48580
48584
48587
48605
48610
48612
48618
48626
48634
48636
48639
48646
48648
48652
48653
48656
48662
48667
48668
48672
48675
48682
48698
48706
48707
48709
48716
48720
48723
48729
48734
48735
48739
48740
48743
48746
48748
48760
48766
48787
48792
48796
48806
48812
48818
48819
48820
48824
48827
48831
48841
48851
48854
48856
48859
48863
48875
48879
48887
48898
48915
48916
48917
48926
48937
48941
48950
48953
48969
48972
48974
48975
48978
49001
49016
49018
49022
49030
49031
49036
49041
49050
49057
49064
49065
49066
49072
49073
49080
49084
49086
49087
49088
49091
49096
49098
49121
49125
49128
49133
49135
49136
49137
49138
49147
49151
49158
49167
49168
49169
49187
49196
49205
49206
49207
49208
49213
49228
49230
49237
49238
49257
49258
49260
49266
49269
49275
49276
49278
49283
49292
49300
49302
49310
49313
49318
49326
49328
49338
49344
49346
49349
49352
49355
49356
49359
49361
49362
49365
49367
49369
49370
49375
49383
49387
49388
49390
49402
49403
49414
49421
49436
49441
49444
49458
49460
49461
49469
49475
49489
49504
49505
49510
49513
49515
49520
49525
49526
49527
49530
49534
49535
49539
49556
49564
49575
49578
49586
49589
49590
49593
49607
49611
49615
49616
49633
49634
49635
49642
49643
49645
49652
49658
49660
49663
49664
49676
49687
49699
49701
49705
49716
49718
49723
49734
49740
49743
49751
49759
49766
49769
49777
49779
49783
49786
49787
49804
49805
49816
49820
49831
49839
49842
49849
49850
49856
49863
49864
49875
49879
49880
49886
49891
49902
49926
49930
49933
49935
49944
49946
49947
49956
49961
49963
49967
49971
49973
49977
49992
49993
49995
49997
49998
49999
