1
3
4
5
6
19
23
28
31
32
33
34
35
37
44
45
49
50
53
54
55
57
58
61
64
75
77
88
89
96
99
100
101
102
103
105
109
110
111
112
113
116
117
126
132
134
137
138
140
142
145
147
153
154
158
160
162
163
165
166
168
176
184
186
188
191
199
201
209
210
213
219
220
222
223
225
226
227
228
230
232
238
247
248
250
254
255
265
268
279
280
283
288
296
302
304
306
307
311
312
313
316
323
330
333
340
341
343
345
346
349
352
360
364
371
373
387
393
395
396
398
400
401
403
405
406
409
415
421
427
437
438
446
449
452
453
457
458
463
466
473
474
477
478
481
484
489
490
493
495
497
498
501
504
506
522
526
531
543
546
547
549
553
564
565
572
576
580
581
590
591
593
594
596
608
612
616
617
620
621
626
639
642
644
646
651
654
656
657
659
661
672
674
677
688
690
694
696
698
699
705
706
709
711
714
719
720
721
723
725
735
736
742
748
749
757
758
768
775
783
785
791
793
802
803
808
809
823
827
831
833
835
840
844
848
849
856
866
871
876
879
884
885
887
889
890
891
895
900
902
915
917
926
929
930
931
938
946
947
950
951
957
964
966
969
974
975
977
979
980
983
985
986
989
991
997
1004
1006
1007
1009
1011
1012
1013
1018
1020
1027
1034
1035
1037
1039
1042
1048
1049
1050
1053
1064
1075
1078
1079
1083
1086
1090
1097
1103
1104
1106
1112
1114
1121
1123
1131
1132
1137
1140
1144
1146
1147
1158
1159
1163
1168
1171
1178
1182
1184
1186
1188
1190
1191
1196
1201
1203
1205
1210
1214
1217
1220
1221
1225
1226
1233
1238
1240
1258
1260
1263
1266
1267
1268
1284
1285
1287
1289
1290
1292
1293
1299
1303
1304
1305
1310
1311
1312
1313
1318
1320
1322
1324
1326
1333
1350
1354
1356
1359
1362
1367
1373
1379
1380
1384
1389
1396
1397
1400
1405
1408
1420
1421
1437
1439
1440
1443
1446
1448
1462
1464
1465
1476
1484
1491
1493
1494
1499
1500
1504
1505
1507
1509
1514
1515
1516
1518
1522
1527
1535
1536
1537
1540
1541
1547
1548
1549
1550
1551
1557
1559
1560
1565
1569
1570
1571
1574
1575
1576
1578
1584
1589
1593
1594
1599
1602
1609
1610
1611
1613
1615
1616
1617
1619
1621
1627
1630
1635
1637
1638
1639
1640
1641
1654
1658
1666
1671
1672
1677
1681
1683
1685
1695
1702
1705
1706
1707
1709
1711
1721
1724
1725
1727
1728
1731
1732
1734
1746
1747
1759
1760
1768
1772
1775
1781
1791
1792
1795
1800
1804
1814
1827
1829
1830
1832
1838
1855
1856
1857
1866
1869
1870
1872
1880
1881
1884
1889
1893
1895
1896
1901
1904
1905
1906
1907
1909
1910
1912
1913
1914
1918
1923
1925
1926
1932
1933
1938
1941
1947
1950
1952
1960
1967
1968
1980
1987
1988
1992
2005
2016
2021
2023
2029
2035
2037
2038
2041
2043
2044
2050
2052
2053
2060
2061
2067
2069
2072
2076
2078
2084
2094
2098
2101
2102
2105
2106
2107
2116
2121
2122
2124
2145
2146
2149
2150
2154
2155
2159
2163
2168
2170
2175
2180
2185
2187
2189
2192
2196
2199
2200
2203
2204
2205
2206
2209
2213
2214
2215
2216
2222
2227
2230
2232
2235
2238
2239
2249
2250
2252
2255
2256
2273
2274
2276
2277
2279
2280
2281
2282
2283
2286
2289
2293
2299
2303
2304
2306
2308
2315
2318
2328
2329
2330
2332
2336
2338
2341
2342
2343
2345
2350
2351
2352
2355
2365
2375
2378
2380
2382
2385
2394
2400
2403
2406
2420
2421
2423
2426
2427
2429
2431
2436
2441
2444
2446
2455
2456
2459
2460
2461
2462
2463
2469
2470
2476
2479
2487
2488
2490
2492
2496
2498
2503
2517
2520
2531
2535
2537
2538
2541
2543
2544
2548
2553
2557
2566
2567
2568
2572
2573
2575
2576
2580
2585
2586
2588
2589
2592
2594
2602
2605
2610
2614
2617
2620
2622
2628
2629
2630
2636
2637
2639
2643
2644
2647
2650
2652
2656
2659
2660
2661
2673
2674
2677
2681
2683
2693
2694
2695
2696
2701
2703
2705
2710
2727
2734
2749
2753
2756
2760
2762
2765
2769
2771
2772
2786
2796
2797
2802
2804
2805
2810
2811
2818
2821
2825
2829
2830
2832
2837
2840
2844
2845
2863
2870
2871
2878
2881
2882
2883
2886
2887
2890
2894
2895
2896
2898
2899
2902
2905
2911
2913
2921
2926
2931
2933
2950
2951
2954
2958
2959
2961
2962
2964
2967
2975
2976
2979
2989
2994
2995
2996
2997
2999
3000
3004
3006
3009
3020
3024
3025
3027
3029
3030
3034
3036
3037
3042
3044
3045
3048
3049
3050
3051
3053
3059
3066
3076
3078
3079
3084
3085
3088
3089
3095
3096
3097
3099
3102
3103
3109
3110
3111
3112
3113
3114
3116
3117
3120
3126
3129
3131
3133
3137
3138
3139
3140
3145
3154
3155
3161
3165
3166
3175
3179
3180
3182
3184
3188
3199
3202
3216
3217
3219
3224
3225
3226
3227
3228
3230
3231
3234
3236
3239
3242
3244
3247
3257
3260
3285
3290
3291
3292
3295
3296
3298
3301
3302
3304
3306
3308
3315
3319
3320
3326
3327
3332
3334
3335
3346
3352
3354
3355
3369
3376
3380
3382
3383
3390
3392
3393
3395
3397
3400
3402
3405
3407
3412
3414
3416
3418
3419
3422
3425
3427
3433
3434
3435
3436
3438
3439
3441
3442
3443
3444
3445
3450
3455
3458
3461
3462
3463
3464
3465
3468
3483
3484
3488
3494
3504
3507
3509
3510
3515
3518
3519
3521
3522
3523
3525
3526
3527
3530
3531
3537
3538
3539
3540
3546
3549
3551
3553
3556
3559
3560
3565
3567
3570
3575
3578
3582
3583
3585
3586
3593
3596
3599
3603
3608
3612
3620
3623
3626
3628
3630
3631
3635
3644
3646
3647
3649
3650
3652
3654
3658
3664
3665
3666
3677
3678
3680
3681
3682
3684
3685
3687
3689
3694
3696
3697
3700
3701
3706
3712
3716
3717
3722
3726
3729
3733
3734
3735
3739
3743
3745
3754
3757
3761
3768
3771
3774
3784
3786
3788
3796
3797
3798
3801
3805
3814
3815
3818
3819
3821
3822
3823
3825
3827
3831
3840
3847
3849
3851
3852
3855
3859
3861
3865
3868
3873
3874
3875
3879
3884
3885
3886
3887
3889
3891
3893
3897
3901
3907
3911
3913
3915
3918
3922
3928
3929
3932
3934
3937
3941
3942
3943
3944
3945
3951
3957
3964
3971
3977
3978
3979
3984
3985
3986
3989
3990
3992
3999
4005
4012
4014
4018
4021
4028
4036
4038
4041
4048
4050
4052
4053
4057
4061
4078
4090
4092
4094
4095
4096
4097
4103
4104
4106
4109
4123
4129
4131
4136
4137
4140
4141
4144
4157
4163
4164
4169
4171
4172
4173
4176
4178
4179
4180
4182
4183
4192
4195
4200
4201
4202
4206
4209
4210
4211
4218
4219
4223
4224
4226
4230
4231
4232
4233
4234
4237
4242
4247
4250
4252
4258
4265
4271
4273
4274
4277
4278
4280
4286
4289
4290
4291
4292
4296
4297
4298
4299
4307
4308
4309
4311
4314
4317
4318
4322
4327
4328
4332
4333
4335
4338
4339
4342
4345
4348
4350
4353
4354
4358
4359
4360
4370
4373
4374
4379
4380
4381
4382
4384
4385
4387
4390
4391
4393
4394
4400
4413
4416
4418
4421
4423
4429
4431
4434
4435
4447
4450
4453
4455
4457
4458
4470
4472
4477
4480
4483
4493
4499
4506
4507
4516
4517
4522
4524
4526
4527
4528
4533
4538
4541
4544
4545
4546
4551
4553
4557
4562
4565
4567
4570
4573
4574
4582
4584
4586
4591
4592
4596
4597
4604
4607
4609
4613
4615
4619
4621
4622
4625
4629
4631
4648
4649
4654
4655
4656
4658
4659
4660
4661
4663
4665
4668
4673
4678
4680
4681
4685
4688
4689
4690
4693
4695
4707
4710
4717
4720
4722
4725
4731
4735
4741
4743
4746
4748
4750
4752
4753
4754
4756
4764
4769
4770
4773
4774
4777
4785
4792
4794
4797
4801
4805
4811
4812
4816
4830
4832
4835
4837
4839
4840
4842
4846
4851
4856
4857
4864
4866
4875
4880
4885
4888
4898
4900
4906
4914
4918
4924
4925
4931
4934
4935
4942
4943
4949
4950
4957
4958
4964
4966
4973
4978
4983
4985
4989
4991
4995
5003
5010
5011
5014
5015
5021
5028
5030
5033
5038
5041
5042
5050
5051
5052
5053
5056
5060
5063
5075
5080
5081
5089
5093
5094
5099
5102
5103
5109
5115
5119
5121
5123
5125
5130
5131
5132
5142
5144
5145
5146
5149
5150
5159
5169
5171
5173
5174
5179
5180
5181
5182
5186
5191
5202
5210
5211
5212
5213
5214
5217
5219
5223
5224
5228
5229
5230
5232
5234
5237
5239
5244
5248
5249
5254
5257
5259
5261
5263
5268
5269
5277
5287
5290
5291
5293
5294
5295
5300
5301
5306
5308
5315
5322
5324
5329
5336
5339
5340
5345
5350
5361
5362
5368
5374
5382
5386
5388
5404
5405
5414
5418
5423
5429
5432
5434
5442
5447
5449
5453
5457
5460
5462
5465
5468
5471
5477
5481
5484
5485
5488
5490
5491
5493
5494
5495
5501
5506
5511
5512
5513
5519
5524
5526
5531
5532
5537
5541
5548
5549
5550
5551
5552
5556
5562
5564
5569
5581
5583
5584
5590
5596
5605
5607
5610
5612
5615
5616
5618
5619
5621
5623
5627
5629
5633
5634
5635
5636
5650
5656
5663
5665
5666
5668
5669
5671
5672
5676
5683
5684
5685
5693
5694
5697
5703
5710
5712
5714
5717
5719
5722
5725
5731
5735
5742
5743
5754
5756
5759
5761
5764
5765
5769
5770
5771
5772
5773
5776
5779
5786
5790
5798
5800
5801
5803
5807
5811
5812
5815
5816
5824
5826
5828
5831
5839
5841
5843
5845
5847
5856
5858
5861
5867
5868
5870
5871
5874
5880
5883
5884
5894
5898
5902
5907
5909
5911
5917
5919
5925
5927
5928
5931
5932
5933
5939
5940
5950
5952
5956
5957
5959
5967
5969
5975
5979
5984
5987
5994
5998
5999
6000
6005
6007
6012
6016
6019
6020
6021
6025
6035
6038
6039
6040
6056
6062
6064
6067
6072
6073
6080
6081
6083
6085
6090
6097
6101
6103
6107
6109
6112
6113
6116
6118
6119
6120
6124
6127
6129
6130
6136
6137
6142
6145
6149
6150
6152
6158
6160
6161
6162
6163
6164
6168
6169
6171
6172
6174
6175
6176
6177
6178
6180
6185
6188
6190
6191
6195
6204
6206
6209
6210
6212
6214
6231
6233
6241
6243
6246
6249
6251
6264
6270
6274
6276
6280
6281
6282
6285
6286
6287
6294
6295
6296
6297
6302
6305
6311
6312
6313
6314
6321
6331
6339
6341
6347
6354
6356
6359
6362
6364
6370
6371
6373
6375
6376
6378
6379
6382
6387
6388
6391
6396
6400
6402
6403
6409
6415
6421
6428
6429
6430
6432
6437
6438
6440
6442
6446
6450
6451
6453
6456
6464
6465
6471
6472
6473
6477
6485
6488
6489
6494
6495
6498
6502
6507
6510
6515
6516
6518
6521
6524
6525
6527
6539
6544
6545
6548
6550
6559
6565
6566
6578
6583
6591
6596
6599
6603
6605
6606
6611
6612
6613
6614
6629
6644
6654
6659
6660
6661
6666
6670
6671
6673
6678
6679
6680
6681
6682
6683
6685
6686
6692
6693
6696
6701
6702
6706
6709
6711
6725
6733
6735
6738
6739
6741
6743
6744
6747
6749
6753
6758
6766
6769
6770
6790
6792
6800
6804
6810
6811
6813
6814
6818
6820
6823
6824
6826
6831
6833
6835
6838
6843
6852
6854
6856
6857
6858
6859
6860
6862
6863
6869
6870
6875
6879
6885
6887
6890
6891
6899
6900
6906
6907
6910
6911
6912
6915
6917
6918
6919
6920
6927
6929
6940
6946
6948
6952
6954
6955
6960
6961
6963
6967
6969
6971
6984
6985
6987
6988
6993
7003
7014
7015
7019
7024
7034
7038
7040
7043
7044
7045
7046
7047
7052
7056
7059
7061
7064
7074
7076
7078
7089
7096
7097
7100
7102
7107
7110
7126
7130
7137
7144
7145
7147
7153
7155
7163
7167
7168
7177
7188
7190
7193
7194
7206
7210
7214
7218
7221
7226
7238
7251
7257
7259
7278
7279
7283
7284
7286
7288
7289
7299
7300
7307
7308
7309
7312
7315
7317
7321
7322
7324
7326
7330
7332
7336
7340
7341
7342
7347
7350
7352
7353
7355
7356
7357
7358
7359
7365
7367
7368
7370
7374
7375
7383
7386
7393
7397
7404
7405
7408
7411
7415
7424
7427
7436
7441
7442
7445
7447
7453
7456
7457
7458
7459
7465
7471
7475
7478
7490
7491
7504
7505
7506
7511
7519
7520
7524
7525
7528
7529
7530
7531
7532
7533
7536
7538
7541
7547
7549
7550
7552
7556
7558
7561
7563
7571
7572
7574
7576
7579
7586
7587
7594
7595
7597
7599
7600
7602
7605
7612
7616
7622
7623
7625
7628
7635
7637
7638
7643
7647
7649
7650
7651
7652
7653
7654
7656
7658
7660
7665
7669
7673
7674
7675
7676
7687
7690
7691
7700
7706
7707
7709
7712
7713
7715
7723
7728
7733
7735
7738
7740
7753
7754
7759
7760
7764
7765
7767
7770
7772
7774
7775
7783
7791
7792
7795
7799
7801
7802
7805
7811
7818
7820
7821
7823
7825
7826
7829
7830
7832
7834
7838
7841
7854
7860
7865
7866
7868
7875
7879
7880
7888
7895
7896
7897
7898
7911
7912
7914
7918
7920
7929
7936
7940
7943
7951
7957
7958
7959
7960
7971
7975
7977
7980
7983
7984
7986
7987
7992
7997
8004
8009
8012
8015
8027
8028
8033
8035
8041
8042
8043
8046
8047
8049
8053
8055
8058
8063
8066
8068
8069
8075
8076
8077
8081
8083
8084
8085
8086
8090
8093
8096
8100
8110
8112
8115
8116
8117
8121
8122
8127
8131
8132
8136
8137
8138
8143
8149
8153
8155
8170
8174
8177
8184
8190
8191
8194
8197
8207
8208
8209
8210
8215
8216
8220
8225
8226
8227
8228
8231
8236
8238
8254
8256
8257
8258
8264
8271
8273
8283
8289
8292
8295
8304
8305
8307
8309
8313
8317
8323
8327
8331
8332
8336
8338
8339
8342
8345
8346
8350
8361
8371
8374
8375
8378
8388
8389
8396
8402
8403
8404
8405
8410
8413
8415
8418
8419
8421
8423
8426
8431
8436
8438
8439
8444
8447
8449
8451
8455
8459
8472
8475
8478
8480
8483
8485
8486
8490
8491
8493
8499
8501
8513
8515
8518
8520
8521
8522
8527
8528
8536
8538
8539
8540
8541
8542
8546
8548
8549
8550
8551
8553
8556
8558
8560
8563
8565
8566
8569
8570
8574
8577
8578
8581
8593
8598
8600
8603
8614
8617
8622
8627
8632
8652
8655
8658
8659
8666
8667
8670
8673
8676
8692
8695
8696
8699
8702
8703
8704
8706
8712
8720
8727
8732
8733
8734
8735
8737
8740
8741
8743
8749
8757
8758
8761
8764
8765
8767
8769
8772
8773
8774
8779
8784
8785
8788
8789
8791
8802
8804
8806
8809
8811
8813
8818
8819
8820
8823
8825
8828
8829
8832
8834
8837
8854
8855
8857
8861
8864
8867
8869
8870
8874
8875
8884
8885
8896
8899
8910
8912
8913
8924
8925
8926
8933
8934
8937
8947
8951
8958
8963
8971
8972
8975
8977
8992
8994
8997
9000
9016
9017
9018
9028
9031
9033
9038
9042
9045
9048
9049
9050
9053
9056
9059
9060
9061
9064
9065
9069
9073
9074
9082
9083
9085
9087
9088
9093
9095
9096
9097
9098
9103
9109
9112
9115
9118
9127
9135
9138
9140
9141
9142
9144
9146
9149
9151
9157
9162
9164
9168
9176
9177
9181
9182
9189
9195
9197
9200
9202
9204
9206
9219
9221
9223
9224
9230
9232
9234
9236
9237
9241
9242
9244
9247
9250
9251
9252
9254
9259
9261
9266
9269
9273
9275
9278
9281
9285
9292
9303
9314
9317
9321
9324
9327
9330
9335
9341
9342
9346
9349
9352
9353
9357
9358
9361
9363
9364
9365
9380
9381
9384
9395
9396
9402
9407
9411
9412
9413
9414
9415
9420
9430
9431
9434
9437
9441
9447
9453
9459
9464
9466
9471
9474
9479
9480
9489
9493
9495
9499
9500
9501
9502
9506
9507
9508
9515
9518
9523
9525
9532
9535
9538
9542
9543
9546
9550
9557
9559
9562
9565
9566
9570
9572
9578
9582
9583
9584
9588
9596
9602
9603
9608
9610
9611
9614
9615
9618
9620
9633
9638
9648
9650
9651
9653
9654
9655
9660
9661
9664
9666
9668
9670
9679
9686
9687
9690
9691
9694
9695
9696
9704
9709
9713
9715
9717
9718
9726
9727
9731
9733
9739
9742
9750
9751
9753
9756
9757
9758
9762
9765
9766
9767
9769
9771
9776
9777
9782
9783
9790
9797
9799
9801
9802
9805
9807
9808
9810
9812
9818
9819
9820
9831
9833
9839
9840
9843
9845
9848
9849
9853
9855
9858
9860
9863
9864
9868
9874
9876
9877
9884
9885
9887
9889
9895
9900
9901
9905
9919
9931
9932
9936
9946
9947
9949
9950
9951
9957
9961
9962
9965
9966
9967
9969
9970
9977
9981
9986
9989
9992
9996
9998
10000
10006
10012
10013
10015
10018
10019
10020
10022
10023
10024
10025
10026
10030
10031
10036
10038
10039
10049
10050
10055
10056
10057
10062
10063
10064
10075
10083
10087
10088
10090
10092
10098
10100
10102
10106
10111
10112
10113
10122
10123
10130
10133
10136
10137
10138
10141
10145
10146
10161
10163
10166
10168
10169
10170
10174
10176
10179
10185
10186
10190
10204
10205
10207
10208
10211
10213
10215
10222
10224
10228
10234
10236
10239
10248
10251
10257
10260
10261
10262
10265
10267
10277
10279
10285
10287
10296
10300
10305
10306
10309
10314
10316
10321
10327
10329
10330
10331
10347
10351
10352
10359
10362
10367
10380
10385
10391
10394
10398
10400
10404
10405
10406
10417
10419
10420
10421
10430
10437
10438
10440
10443
10444
10446
10449
10450
10453
10455
10462
10470
10472
10473
10474
10477
10485
10489
10492
10493
10498
10504
10510
10519
10525
10529
10535
10536
10539
10540
10544
10548
10552
10553
10554
10557
10558
10559
10564
10568
10570
10582
10583
10588
10589
10590
10593
10605
10608
10609
10612
10615
10616
10617
10626
10633
10634
10637
10641
10642
10644
10648
10649
10652
10654
10655
10658
10660
10661
10662
10667
10672
10674
10678
10679
10682
10686
10687
10688
10693
10697
10699
10701
10706
10711
10713
10716
10717
10719
10720
10722
10723
10725
10728
10736
10738
10746
10750
10751
10756
10762
10764
10765
10777
10789
10790
10794
10795
10796
10806
10811
10814
10821
10824
10827
10828
10832
10833
10834
10841
10846
10849
10854
10858
10860
10864
10865
10866
10868
10872
10875
10877
10892
10893
10898
10900
10905
10908
10909
10910
10911
10912
10922
10925
10941
10947
10950
10955
10958
10959
10963
10966
10968
10970
10976
10979
10982
10985
10986
10989
10990
10992
11000
11002
11009
11014
11026
11028
11029
11033
11035
11046
11048
11060
11063
11065
11075
11076
11082
11090
11107
11109
11110
11125
11126
11129
11135
11140
11147
11151
11157
11161
11163
11169
11170
11172
11176
11177
11179
11190
11191
11198
11206
11210
11213
11221
11224
11226
11227
11232
11235
11237
11238
11239
11242
11243
11251
11254
11256
11263
11264
11280
11282
11287
11290
11292
11296
11297
11300
11304
11305
11307
11308
11311
11315
11318
11321
11324
11325
11332
11333
11334
11335
11340
11345
11346
11350
11355
11360
11361
11363
11367
11369
11370
11373
11374
11378
11380
11384
11386
11388
11395
11397
11402
11421
11422
11427
11432
11433
11435
11439
11440
11444
11453
11457
11460
11464
11472
11478
11479
11487
11489
11497
11498
11499
11501
11504
11508
11510
11516
11517
11518
11520
11521
11526
11535
11537
11542
11545
11547
11548
11549
11550
11562
11563
11565
11567
11570
11571
11572
11573
11580
11582
11584
11588
11590
11592
11594
11597
11607
11609
11612
11614
11615
11620
11623
11630
11631
11633
11640
11647
11651
11652
11657
11660
11663
11664
11675
11677
11678
11679
11681
11682
11683
11687
11688
11690
11692
11695
11698
11700
11703
11704
11715
11718
11726
11731
11734
11748
11754
11757
11762
11766
11767
11769
11774
11776
11780
11782
11783
11785
11786
11791
11794
11803
11804
11806
11807
11810
11823
11828
11831
11833
11838
11839
11840
11850
11856
11857
11860
11862
11865
11869
11872
11876
11882
11883
11888
11890
11892
11895
11896
11900
11910
11912
11914
11915
11918
11919
11920
11921
11927
11930
11931
11936
11939
11940
11942
11946
11955
11957
11961
11962
11963
11966
11975
11983
11984
11997
12002
12004
12006
12008
12011
12021
12022
12024
12026
12028
12030
12031
12038
12044
12047
12052
12055
12059
12066
12067
12071
12073
12077
12078
12080
12083
12084
12085
12094
12095
12096
12097
12100
12106
12107
12112
12114
12116
12117
12121
12123
12124
12127
12131
12132
12136
12137
12149
12154
12156
12157
12158
12159
12162
12164
12165
12167
12173
12174
12176
12178
12180
12183
12185
12188
12189
12192
12193
12196
12199
12200
12204
12207
12213
12217
12226
12230
12231
12232
12238
12243
12247
12254
12255
12257
12258
12261
12262
12263
12275
12276
12278
12280
12288
12293
12295
12297
12301
12302
12303
12305
12307
12308
12309
12311
12313
12314
12328
12331
12333
12334
12343
12345
12347
12348
12355
12361
12367
12368
12373
12378
12379
12387
12388
12393
12394
12405
12408
12409
12414
12417
12419
12424
12425
12429
12433
12441
12444
12447
12453
12460
12464
12476
12479
12483
12487
12491
12493
12495
12497
12505
12507
12510
12511
12512
12517
12521
12522
12523
12526
12530
12531
12536
12538
12539
12542
12548
12549
12551
12552
12553
12560
12576
12583
12584
12586
12588
12590
12594
12597
12601
12611
12613
12615
12618
12619
12622
12628
12629
12632
12637
12640
12643
12645
12647
12650
12659
12660
12664
12666
12668
12672
12679
12684
12685
12691
12702
12704
12705
12712
12717
12719
12721
12723
12732
12735
12736
12737
12740
12742
12746
12753
12754
12757
12762
12763
12764
12773
12775
12795
12800
12803
12804
12805
12808
12809
12810
12813
12814
12817
12824
12826
12830
12836
12841
12843
12846
12856
12859
12863
12871
12875
12877
12881
12885
12886
12894
12898
12902
12906
12911
12914
12915
12920
12925
12933
12944
12946
12949
12950
12958
12959
12960
12968
12970
12979
12981
12982
12984
12986
12993
12996
12997
12999
13000
13004
13005
13006
13010
13012
13016
13018
13019
13026
13027
13029
13030
13032
13036
13037
13038
13052
13063
13064
13065
13068
13069
13070
13071
13074
13076
13077
13078
13088
13089
13090
13092
13096
13099
13101
13110
13118
13122
13125
13129
13137
13140
13143
13144
13146
13148
13149
13155
13156
13158
13160
13164
13166
13167
13172
13174
13179
13180
13182
13194
13198
13199
13209
13214
13217
13218
13223
13225
13231
13232
13237
13261
13263
13269
13270
13279
13282
13286
13289
13290
13294
13298
13299
13300
13301
13307
13310
13311
13314
13317
13321
13324
13329
13335
13336
13342
13355
13364
13368
13379
13380
13381
13382
13385
13393
13401
13404
13406
13407
13408
13409
13410
13412
13416
13418
13419
13421
13427
13428
13435
13436
13438
13440
13444
13453
13457
13464
13467
13469
13470
13472
13473
13474
13480
13484
13489
13490
13493
13496
13498
13503
13505
13506
13507
13515
13518
13520
13522
13524
13531
13538
13539
13544
13549
13553
13555
13557
13558
13560
13563
13568
13573
13585
13589
13608
13609
13613
13617
13627
13628
13633
13638
13645
13646
13650
13657
13660
13662
13663
13667
13670
13671
13674
13675
13681
13682
13684
13691
13694
13698
13701
13703
13704
13710
13711
13712
13715
13736
13739
13741
13744
13745
13746
13749
13752
13755
13760
13763
13766
13768
13769
13770
13772
13774
13776
13778
13779
13784
13785
13787
13795
13796
13801
13804
13810
13813
13822
13823
13832
13833
13839
13843
13845
13846
13850
13852
13858
13860
13863
13875
13877
13880
13881
13882
13884
13889
13894
13895
13896
13897
13898
13899
13903
13905
13909
13910
13922
13927
13933
13935
13937
13939
13940
13943
13945
13952
13955
13961
13962
13963
13964
13973
13976
13987
13988
13993
13994
13995
13996
13997
14000
14003
14005
14016
14019
14022
14023
14025
14027
14035
14036
14041
14043
14045
14052
14058
14060
14061
14062
14063
14067
14068
14069
14071
14072
14073
14082
14084
14094
14097
14099
14101
14104
14106
14110
14112
14114
14115
14116
14123
14125
14128
14129
14142
14145
14151
14152
14154
14162
14170
14172
14175
14177
14179
14180
14186
14188
14192
14196
14197
14198
14200
14201
14204
14205
14209
14210
14215
14217
14220
14226
14228
14231
14236
14241
14244
14249
14251
14253
14255
14257
14258
14268
14271
14288
14293
14295
14299
14309
14310
14311
14312
14316
14321
14323
14324
14326
14329
14334
14341
14342
14345
14347
14348
14351
14358
14361
14362
14364
14365
14382
14383
14384
14385
14390
14396
14409
14411
14412
14415
14417
14418
14422
14424
14426
14429
14430
14431
14435
14440
14441
14442
14445
14447
14448
14451
14467
14468
14469
14472
14473
14474
14479
14480
14482
14486
14488
14492
14498
14499
14502
14506
14507
14510
14514
14515
14518
14519
14520
14535
14537
14540
14541
14545
14546
14548
14549
14550
14555
14557
14562
14563
14566
14569
14575
14584
14586
14591
14593
14594
14597
14598
14600
14601
14603
14607
14609
14612
14618
14621
14625
14631
14633
14635
14638
14643
14646
14649
14652
14655
14658
14659
14661
14666
14667
14668
14672
14675
14676
14683
14687
14689
14695
14697
14698
14701
14712
14714
14717
14719
14720
14722
14723
14726
14731
14737
14742
14758
14761
14764
14767
14774
14776
14777
14783
14786
14787
14796
14798
14800
14801
14807
14810
14813
14814
14815
14822
14824
14828
14829
14830
14838
14845
14849
14851
14853
14857
14858
14868
14876
14878
14879
14882
14883
14885
14886
14888
14889
14892
14893
14894
14897
14899
14900
14902
14905
14909
14912
14914
14915
14917
14927
14933
14937
14945
14946
14949
14951
14954
14970
14990
14991
14995
14997
14999
15001
15009
15018
15024
15026
15037
15038
15039
15040
15041
15042
15047
15048
15051
15056
15064
15066
15077
15082
15090
15091
15093
15097
15098
15100
15104
15115
15116
15117
15123
15124
15131
15137
15139
15140
15151
15153
15155
15165
15178
15180
15181
15183
15187
15192
15197
15199
15201
15203
15204
15220
15225
15236
15241
15246
15248
15254
15255
15261
15262
15267
15270
15274
15275
15276
15281
15284
15288
15291
15294
15302
15304
15306
15311
15315
15339
15342
15349
15351
15352
15359
15360
15361
15363
15368
15375
15377
15379
15384
15387
15389
15394
15399
15410
15411
15415
15420
15425
15428
15436
15437
15442
15444
15453
15454
15455
15459
15461
15465
15466
15468
15477
15483
15484
15486
15487
15489
15490
15492
15496
15501
15503
15505
15508
15512
15513
15522
15524
15526
15531
15533
15534
15535
15536
15537
15538
15539
15540
15547
15548
15557
15559
15560
15569
15571
15572
15578
15580
15581
15584
15585
15587
15589
15590
15592
15593
15596
15600
15616
15624
15625
15628
15630
15631
15636
15637
15640
15643
15646
15652
15655
15661
15662
15663
15666
15667
15668
15674
15677
15679
15681
15684
15690
15694
15703
15704
15707
15710
15711
15720
15721
15722
15725
15726
15734
15737
15738
15740
15742
15744
15746
15751
15752
15756
15757
15759
15765
15767
15773
15776
15777
15782
15790
15797
15799
15802
15803
15813
15814
15817
15819
15821
15825
15828
15830
15848
15851
15853
15857
15863
15867
15870
15875
15877
15883
15884
15885
15887
15888
15891
15895
15896
15897
15902
15903
15906
15913
15917
15918
15919
15921
15923
15926
15930
15931
15942
15945
15946
15947
15949
15951
15958
15959
15963
15965
15971
15972
15976
15982
15983
15988
15990
16000
16001
16003
16004
16006
16007
16012
16015
16017
16019
16023
16026
16028
16036
16037
16038
16042
16045
16049
16054
16055
16066
16071
16072
16073
16075
16077
16082
16087
16089
16092
16094
16100
16102
16103
16112
16113
16115
16118
16126
16128
16133
16135
16137
16139
16148
16151
16152
16153
16155
16160
16161
16163
16169
16173
16174
16175
16179
16180
16181
16182
16189
16192
16193
16194
16200
16202
16203
16208
16211
16214
16216
16220
16223
16232
16233
16238
16241
16244
16245
16252
16254
16255
16256
16258
16262
16263
16264
16268
16272
16276
16278
16284
16286
16292
16294
16299
16300
16301
16303
16305
16307
16310
16314
16316
16317
16318
16323
16328
16332
16348
16352
16357
16368
16369
16370
16371
16379
16382
16385
16387
16389
16393
16394
16399
16413
16415
16416
16417
16422
16423
16428
16429
16430
16433
16439
16443
16460
16462
16465
16467
16472
16475
16478
16480
16481
16488
16497
16499
16501
16503
16505
16507
16511
16514
16517
16523
16525
16527
16529
16530
16532
16536
16538
16542
16543
16548
16550
16551
16552
16559
16562
16563
16579
16584
16586
16587
16588
16590
16594
16595
16600
16601
16603
16605
16611
16613
16615
16621
16624
16629
16630
16631
16634
16637
16638
16640
16645
16651
16655
16659
16663
16664
16669
16672
16673
16674
16675
16677
16678
16683
16684
16686
16688
16702
16709
16710
16715
16718
16720
16723
16725
16730
16731
16732
16734
16737
16742
16744
16745
16749
16754
16755
16757
16765
16768
16770
16772
16773
16779
16784
16791
16802
16806
16810
16819
16821
16825
16829
16834
16836
16837
16838
16839
16842
16843
16845
16853
16855
16857
16863
16865
16878
16882
16884
16889
16890
16895
16897
16904
16905
16906
16909
16911
16912
16916
16917
16925
16926
16929
16930
16937
16938
16940
16943
16948
16951
16953
16954
16956
16959
16962
16963
16966
16968
16973
16975
16977
16981
16985
16988
16989
16993
16997
16999
17000
17001
17002
17014
17015
17017
17021
17024
17030
17035
17036
17039
17042
17044
17048
17049
17050
17052
17056
17057
17061
17064
17072
17078
17084
17093
17099
17103
17107
17108
17111
17114
17117
17122
17123
17126
17131
17135
17136
17147
17153
17161
17166
17167
17168
17169
17171
17179
17180
17181
17187
17188
17191
17195
17197
17199
17203
17207
17208
17209
17218
17219
17221
17223
17228
17232
17248
17253
17255
17260
17261
17263
17266
17267
17268
17269
17270
17272
17274
17275
17277
17279
17287
17288
17290
17291
17294
17296
17301
17303
17309
17316
17320
17323
17327
17338
17340
17347
17349
17350
17351
17356
17361
17363
17367
17369
17371
17372
17389
17396
17397
17405
17406
17409
17410
17412
17414
17416
17417
17419
17422
17429
17430
17433
17437
17438
17442
17443
17451
17454
17456
17457
17461
17463
17466
17467
17471
17479
17480
17483
17484
17488
17490
17492
17500
17510
17511
17514
17517
17521
17523
17539
17541
17542
17546
17548
17553
17555
17556
17560
17570
17573
17576
17577
17579
17580
17582
17584
17586
17589
17590
17593
17594
17597
17604
17606
17607
17617
17620
17626
17632
17634
17635
17637
17640
17643
17644
17646
17647
17651
17663
17671
17673
17674
17676
17677
17679
17680
17682
17684
17686
17687
17688
17689
17694
17697
17709
17715
17717
17718
17722
17727
17739
17741
17751
17755
17766
17767
17768
17770
17771
17772
17777
17781
17782
17787
17788
17790
17792
17798
17800
17801
17802
17812
17815
17823
17834
17837
17839
17843
17844
17851
17856
17860
17861
17862
17865
17866
17869
17876
17884
17886
17893
17899
17901
17906
17909
17912
17914
17927
17933
17945
17950
17952
17954
17957
17959
17960
17963
17967
17969
17972
17974
17977
17979
17984
17987
17988
17991
17992
17995
18000
18007
18010
18014
18017
18018
18020
18028
18034
18035
18039
18041
18042
18052
18056
18057
18065
18066
18071
18073
18075
18078
18079
18080
18088
18090
18092
18098
18099
18110
18117
18123
18125
18129
18130
18134
18135
18136
18140
18143
18145
18155
18161
18163
18166
18175
18178
18179
18186
18188
18190
18192
18196
18207
18209
18211
18223
18224
18227
18228
18234
18235
18246
18249
18254
18261
18272
18273
18275
18276
18293
18297
18301
18303
18304
18306
18308
18314
18320
18332
18339
18340
18342
18348
18358
18359
18361
18367
18377
18378
18383
18398
18403
18404
18409
18410
18413
18415
18424
18426
18428
18433
18434
18435
18436
18437
18438
18451
18454
18455
18457
18460
18465
18467
18476
18479
18480
18488
18493
18495
18498
18499
18502
18503
18505
18507
18513
18515
18533
18534
18536
18538
18539
18542
18543
18544
18545
18554
18557
18560
18561
18564
18566
18567
18571
18573
18578
18580
18592
18594
18595
18599
18602
18605
18615
18621
18624
18625
18627
18628
18637
18644
18649
18658
18662
18664
18673
18674
18681
18684
18696
18697
18699
18703
18706
18712
18719
18733
18734
18737
18738
18739
18740
18744
18745
18754
18760
18761
18763
18767
18768
18776
18778
18783
18785
18792
18800
18803
18804
18810
18811
18812
18817
18818
18820
18821
18824
18828
18831
18832
18833
18840
18848
18850
18859
18861
18870
18875
18876
18879
18880
18889
18890
18896
18897
18898
18903
18908
18912
18920
18922
18926
18927
18931
18935
18937
18941
18948
18953
18961
18963
18964
18968
18979
18984
18989
18996
19002
19006
19008
19009
19011
19013
19014
19018
19027
19030
19031
19033
19034
19036
19039
19043
19044
19046
19048
19052
19053
19054
19055
19062
19065
19073
19074
19076
19078
19079
19082
19084
19092
19097
19098
19103
19104
19111
19115
19116
19121
19125
19127
19134
19136
19138
19142
19143
19144
19145
19148
19149
19161
19166
19168
19173
19174
19180
19185
19189
19193
19199
19204
19205
19207
19213
19215
19216
19225
19227
19232
19234
19236
19243
19244
19245
19248
19260
19265
19268
19272
19273
19279
19280
19282
19285
19294
19298
19301
19302
19303
19307
19310
19311
19312
19313
19315
19332
19333
19336
19337
19340
19348
19351
19353
19354
19355
19357
19363
19367
19370
19371
19380
19384
19387
19394
19395
19399
19405
19406
19409
19416
19426
19427
19429
19438
19440
19441
19448
19452
19454
19456
19457
19458
19460
19462
19469
19470
19471
19472
19475
19477
19482
19486
19489
19494
19499
19500
19502
19505
19511
19516
19517
19520
19522
19533
19539
19543
19546
19548
19549
19556
19565
19569
19570
19572
19573
19574
19581
19585
19586
19588
19590
19594
19597
19598
19600
19616
19619
19627
19632
19634
19641
19643
19645
19648
19650
19653
19657
19660
19662
19665
19667
19677
19678
19679
19684
19689
19702
19704
19709
19711
19716
19721
19727
19729
19734
19736
19737
19740
19741
19742
19743
19745
19749
19755
19760
19761
19763
19765
19769
19770
19773
19774
19776
19783
19792
19793
19795
19796
19801
19803
19804
19810
19813
19814
19818
19824
19826
19828
19833
19842
19846
19857
19858
19859
19860
19862
19865
19866
19867
19873
19877
19884
19885
19886
19897
19898
19911
19913
19914
19917
19918
19920
19926
19927
19928
19930
19932
19936
19942
19943
19945
19946
19950
19953
19957
19961
19971
19974
19977
19979
19980
19985
19986
19989
19990
19992
19995
20009
20011
20012
20013
20018
20021
20024
20033
20039
20041
20042
20046
20047
20049
20054
20055
20057
20070
20071
20072
20074
20085
20088
20094
20095
20102
20103
20105
20107
20110
20114
20119
20120
20127
20132
20133
20135
20136
20142
20147
20148
20149
20151
20154
20161
20162
20165
20168
20177
20181
20183
20187
20188
20192
20197
20198
20203
20205
20211
20224
20235
20239
20242
20245
20247
20254
20259
20264
20265
20267
20274
20275
20276
20278
20282
20286
20287
20293
20294
20296
20297
20301
20302
20305
20307
20317
20331
20332
20333
20337
20339
20340
20342
20349
20353
20354
20356
20362
20368
20370
20373
20376
20377
20380
20381
20384
20385
20389
20406
20409
20423
20424
20430
20432
20435
20439
20440
20442
20447
20449
20450
20452
20456
20462
20463
20468
20470
20472
20475
20480
20485
20487
20494
20498
20503
20504
20506
20509
20511
20513
20515
20518
20519
20528
20531
20532
20537
20539
20543
20546
20549
20553
20557
20559
20563
20567
20573
20575
20584
20586
20588
20590
20597
20599
20600
20605
20610
20611
20613
20618
20619
20622
20624
20629
20637
20646
20649
20654
20655
20659
20661
20667
20671
20674
20676
20677
20679
20686
20687
20694
20703
20708
20709
20713
20714
20717
20719
20720
20722
20723
20724
20730
20731
20734
20736
20737
20738
20742
20746
20751
20752
20753
20755
20757
20759
20763
20764
20765
20766
20769
20771
20774
20777
20782
20783
20787
20795
20796
20798
20800
20803
20804
20806
20810
20811
20816
20818
20821
20822
20832
20834
20843
20845
20847
20851
20853
20854
20855
20856
20857
20866
20869
20871
20874
20887
20888
20894
20896
20911
20912
20915
20916
20926
20927
20929
20930
20931
20935
20936
20941
20945
20946
20948
20949
20950
20951
20955
20962
20964
20966
20970
20973
20974
20976
20980
20981
20987
20988
20996
21004
21016
21019
21023
21024
21025
21034
21037
21043
21045
21054
21065
21066
21068
21072
21073
21074
21078
21080
21081
21082
21084
21088
21093
21094
21098
21102
21105
21108
21110
21112
21114
21116
21118
21129
21133
21134
21141
21142
21150
21151
21153
21154
21155
21158
21166
21168
21170
21176
21177
21178
21180
21187
21188
21195
21196
21201
21202
21204
21206
21208
21209
21212
21216
21217
21222
21224
21225
21228
21229
21236
21248
21252
21259
21272
21277
21281
21282
21284
21288
21293
21294
21303
21304
21306
21310
21311
21312
21313
21321
21322
21326
21327
21328
21330
21338
21341
21345
21346
21349
21350
21353
21358
21360
21362
21363
21364
21366
21369
21371
21381
21382
21385
21387
21390
21392
21397
21402
21403
21404
21405
21408
21411
21413
21417
21418
21430
21438
21439
21442
21447
21448
21453
21454
21461
21466
21469
21470
21471
21472
21475
21476
21477
21479
21489
21491
21497
21498
21504
21513
21514
21519
21520
21523
21526
21527
21528
21529
21537
21538
21539
21547
21550
21558
21559
21560
21562
21571
21572
21575
21577
21592
21593
21594
21599
21603
21608
21609
21619
21621
21625
21627
21628
21629
21630
21633
21635
21637
21638
21639
21642
21645
21648
21649
21650
21652
21659
21662
21673
21679
21680
21683
21693
21694
21701
21702
21706
21708
21715
21720
21721
21723
21728
21730
21732
21733
21738
21741
21747
21748
21753
21756
21758
21760
21761
21765
21768
21771
21772
21778
21783
21785
21786
21788
21790
21791
21794
21795
21798
21799
21801
21813
21819
21821
21824
21825
21828
21829
21831
21833
21835
21836
21837
21838
21868
21874
21875
21876
21885
21886
21891
21893
21894
21895
21896
21906
21917
21919
21924
21934
21935
21937
21942
21946
21947
21948
21949
21950
21953
21954
21955
21958
21959
21974
21976
21979
21980
21983
21985
21987
22001
22004
22005
22008
22009
22016
22020
22023
22024
22026
22033
22035
22036
22037
22038
22039
22048
22050
22051
22053
22054
22055
22058
22060
22063
22064
22067
22068
22070
22072
22081
22084
22085
22089
22090
22092
22095
22101
22106
22108
22112
22113
22115
22117
22125
22127
22129
22130
22133
22139
22140
22145
22147
22148
22149
22153
22156
22159
22162
22163
22164
22166
22168
22170
22175
22177
22180
22182
22183
22185
22187
22191
22194
22195
22196
22202
22203
22205
22206
22223
22227
22241
22242
22243
22246
22252
22254
22255
22263
22264
22269
22270
22271
22276
22278
22283
22286
22292
22296
22297
22304
22308
22315
22316
22320
22322
22325
22329
22333
22335
22337
22345
22346
22349
22350
22351
22352
22356
22361
22369
22371
22372
22373
22376
22377
22378
22379
22382
22383
22386
22394
22396
22399
22403
22418
22425
22426
22432
22433
22448
22450
22453
22455
22465
22466
22467
22468
22472
22474
22475
22479
22480
22482
22486
22495
22503
22505
22508
22509
22513
22516
22525
22529
22532
22533
22535
22538
22539
22540
22543
22544
22546
22549
22550
22552
22557
22567
22573
22574
22575
22584
22587
22588
22596
22598
22601
22605
22607
22609
22622
22623
22624
22627
22631
22641
22643
22646
22648
22651
22652
22654
22658
22665
22667
22672
22674
22676
22677
22680
22683
22684
22685
22688
22694
22697
22706
22708
22713
22717
22727
22733
22735
22738
22740
22746
22749
22750
22755
22759
22760
22765
22776
22777
22783
22785
22786
22793
22798
22800
22802
22805
22810
22817
22818
22820
22821
22822
22824
22825
22826
22829
22831
22833
22836
22843
22845
22849
22850
22856
22857
22858
22862
22868
22872
22873
22875
22881
22884
22885
22889
22899
22900
22902
22909
22918
22919
22925
22926
22931
22936
22939
22943
22944
22950
22951
22952
22955
22956
22957
22959
22963
22967
22970
22971
22975
22977
22981
22982
22986
22988
22989
22991
22994
22996
22997
22998
23006
23009
23012
23013
23022
23030
23036
23040
23041
23043
23047
23048
23052
23058
23071
23076
23077
23078
23084
23087
23088
23089
23099
23100
23101
23103
23104
23105
23106
23107
23120
23126
23131
23133
23134
23135
23141
23151
23157
23161
23163
23164
23169
23172
23175
23177
23180
23186
23187
23192
23193
23195
23199
23200
23203
23208
23210
23215
23216
23217
23220
23221
23224
23231
23232
23237
23240
23241
23242
23244
23248
23252
23260
23263
23265
23276
23277
23280
23282
23284
23289
23291
23293
23297
23300
23309
23311
23315
23317
23320
23324
23325
23327
23329
23332
23334
23345
23348
23353
23354
23361
23372
23378
23381
23388
23391
23393
23394
23403
23407
23411
23413
23424
23425
23427
23431
23434
23436
23439
23440
23442
23458
23462
23466
23467
23468
23470
23471
23474
23476
23477
23478
23483
23489
23491
23493
23500
23501
23502
23504
23507
23508
23511
23516
23519
23524
23527
23529
23530
23532
23541
23542
23545
23546
23548
23550
23551
23569
23570
23575
23579
23581
23586
23591
23592
23593
23596
23602
23603
23609
23613
23624
23627
23637
23638
23645
23648
23651
23652
23654
23655
23659
23664
23675
23684
23691
23701
23702
23703
23708
23711
23716
23717
23723
23725
23732
23748
23751
23752
23754
23755
23759
23760
23767
23776
23779
23780
23781
23783
23786
23789
23790
23791
23797
23798
23799
23805
23813
23814
23815
23819
23822
23825
23830
23835
23836
23841
23842
23846
23847
23850
23852
23854
23858
23859
23861
23863
23865
23866
23868
23875
23882
23885
23886
23894
23895
23897
23912
23915
23917
23921
23927
23929
23933
23934
23943
23944
23954
23956
23958
23961
23964
23966
23968
23969
23972
23987
23989
23994
24002
24008
24009
24011
24019
24021
24027
24029
24036
24038
24039
24041
24044
24046
24048
24049
24054
24058
24064
24065
24068
24070
24072
24075
24080
24083
24084
24087
24090
24094
24096
24106
24107
24108
24110
24111
24114
24116
24117
24119
24124
24129
24131
24136
24137
24138
24144
24145
24146
24151
24152
24161
24163
24164
24169
24173
24175
24177
24178
24179
24184
24195
24197
24200
24206
24211
24213
24217
24222
24234
24241
24247
24250
24253
24255
24257
24258
24263
24265
24266
24272
24278
24280
24284
24286
24289
24290
24297
24298
24299
24306
24307
24312
24316
24318
24336
24341
24342
24343
24346
24351
24354
24356
24360
24361
24365
24369
24371
24377
24390
24392
24393
24394
24395
24397
24405
24407
24408
24414
24417
24424
24425
24428
24430
24431
24441
24446
24447
24454
24462
24464
24465
24466
24468
24470
24474
24478
24479
24480
24486
24493
24494
24498
24501
24504
24507
24510
24513
24514
24517
24518
24520
24524
24529
24533
24535
24537
24538
24541
24544
24548
24549
24550
24555
24556
24566
24567
24568
24569
24570
24572
24586
24590
24591
24594
24600
24605
24607
24613
24614
24619
24620
24624
24625
24627
24630
24631
24635
24638
24640
24649
24653
24654
24657
24658
24664
24665
24668
24671
24674
24676
24678
24680
24682
24684
24686
24688
24693
24695
24700
24701
24706
24709
24710
24713
24717
24722
24724
24725
24731
24734
24736
24739
24746
24747
24749
24751
24762
24768
24770
24777
24778
24780
24783
24784
24785
24788
24790
24795
24797
24799
24802
24804
24806
24809
24810
24820
24827
24828
24829
24833
24834
24835
24836
24843
24844
24851
24853
24859
24864
24866
24870
24872
24879
24882
24883
24884
24894
24895
24897
24901
24902
24904
24911
24920
24923
24930
24932
24935
24943
24946
24949
24957
24962
24963
24964
24968
24971
24975
24989
24994
24995
24996
24997
24999
25001
25003
25004
25010
25013
25014
25016
25017
25020
25021
25022
25024
25027
25036
25039
25040
25046
25048
25049
25059
25060
25063
25066
25071
25082
25084
25091
25098
25100
25106
25112
25114
25121
25122
25125
25129
25130
25132
25133
25143
25144
25150
25151
25153
25158
25159
25161
25165
25167
25172
25173
25177
25181
25182
25186
25189
25190
25191
25192
25198
25199
25206
25207
25209
25216
25218
25221
25224
25231
25232
25236
25239
25242
25251
25255
25263
25267
25271
25273
25275
25278
25280
25282
25286
25288
25289
25290
25295
25300
25306
25309
25314
25316
25319
25325
25329
25330
25331
25332
25335
25337
25338
25342
25344
25346
25347
25349
25357
25361
25362
25363
25366
25373
25379
25383
25396
25398
25399
25400
25401
25403
25405
25407
25422
25426
25428
25433
25434
25435
25436
25437
25438
25439
25440
25441
25449
25461
25462
25463
25466
25469
25475
25477
25478
25481
25482
25488
25491
25493
25499
25502
25506
25510
25514
25528
25529
25532
25534
25542
25543
25548
25553
25564
25566
25577
25578
25579
25580
25585
25587
25614
25617
25619
25623
25627
25630
25635
25636
25637
25638
25640
25643
25645
25646
25647
25652
25654
25659
25660
25671
25672
25675
25676
25682
25685
25689
25697
25700
25701
25704
25708
25709
25710
25713
25718
25724
25728
25729
25731
25736
25739
25742
25746
25748
25754
25755
25762
25763
25766
25767
25768
25773
25776
25779
25780
25781
25786
25798
25803
25806
25813
25815
25820
25829
25830
25834
25836
25841
25842
25843
25844
25846
25847
25850
25852
25856
25857
25860
25862
25866
25874
25883
25892
25898
25904
25905
25907
25910
25912
25914
25915
25920
25921
25926
25929
25930
25931
25932
25941
25949
25950
25956
25959
25962
25963
25970
25972
25973
25974
25976
25977
25978
25979
25985
25989
25990
25991
25992
25993
25994
26000
26002
26005
26020
26039
26045
26047
26048
26055
26058
26065
26068
26074
26077
26080
26081
26090
26092
26093
26094
26096
26099
26101
26103
26104
26105
26113
26114
26116
26121
26124
26129
26144
26146
26158
26159
26162
26168
26177
26182
26184
26191
26200
26201
26204
26206
26217
26239
26240
26242
26247
26249
26250
26265
26266
26267
26274
26283
26284
26288
26293
26296
26297
26299
26300
26304
26305
26312
26316
26317
26318
26320
26322
26327
26332
26338
26340
26346
26348
26351
26358
26360
26362
26367
26375
26376
26378
26380
26384
26385
26386
26390
26391
26394
26396
26397
26400
26404
26405
26411
26413
26416
26419
26423
26424
26425
26429
26433
26438
26444
26448
26452
26454
26459
26460
26465
26468
26475
26477
26483
26484
26488
26497
26500
26502
26506
26508
26509
26511
26517
26518
26519
26521
26523
26524
26526
26528
26536
26540
26546
26550
26552
26557
26561
26571
26576
26577
26584
26585
26586
26592
26593
26598
26600
26607
26608
26615
26619
26622
26628
26629
26631
26636
26638
26647
26649
26652
26654
26655
26662
26667
26672
26684
26693
26698
26707
26710
26713
26717
26720
26722
26724
26725
26726
26729
26733
26737
26744
26748
26750
26756
26759
26760
26763
26765
26766
26769
26772
26774
26778
26789
26790
26792
26797
26801
26809
26812
26813
26815
26817
26822
26823
26824
26825
26829
26832
26837
26840
26846
26850
26852
26865
26869
26870
26877
26878
26880
26881
26886
26891
26894
26897
26899
26901
26904
26905
26910
26911
26915
26918
26924
26926
26929
26932
26935
26936
26937
26941
26943
26946
26951
26952
26964
26970
26975
26978
26982
26989
26994
27003
27004
27007
27009
27010
27011
27012
27014
27017
27018
27023
27024
27029
27030
27037
27041
27043
27048
27050
27055
27058
27059
27062
27064
27071
27073
27082
27084
27085
27087
27088
27100
27102
27103
27106
27108
27112
27117
27122
27126
27127
27130
27132
27135
27137
27139
27143
27146
27147
27148
27149
27151
27154
27164
27165
27166
27173
27174
27175
27177
27180
27183
27184
27191
27192
27194
27195
27196
27199
27209
27211
27215
27216
27218
27227
27228
27231
27234
27239
27241
27244
27245
27247
27255
27256
27259
27260
27261
27268
27278
27280
27285
27287
27288
27291
27303
27306
27311
27313
27318
27320
27321
27324
27331
27334
27341
27342
27343
27344
27346
27352
27354
27357
27358
27362
27363
27365
27366
27367
27371
27376
27382
27388
27390
27391
27394
27399
27403
27404
27405
27417
27419
27420
27424
27426
27429
27430
27431
27435
27437
27438
27439
27440
27442
27447
27448
27450
27453
27461
27465
27466
27468
27480
27483
27489
27490
27492
27493
27500
27503
27506
27508
27509
27512
27513
27517
27518
27522
27523
27525
27527
27544
27545
27549
27551
27552
27554
27555
27562
27569
27571
27573
27575
27579
27580
27582
27583
27586
27589
27592
27600
27601
27604
27607
27609
27613
27614
27624
27625
27626
27627
27629
27630
27634
27636
27638
27642
27644
27645
27646
27649
27650
27658
27659
27660
27663
27667
27668
27675
27685
27686
27687
27693
27694
27700
27702
27706
27707
27710
27714
27716
27717
27719
27729
27730
27731
27737
27741
27749
27752
27754
27755
27757
27758
27760
27767
27774
27777
27780
27787
27803
27807
27812
27814
27815
27817
27820
27821
27823
27832
27834
27848
27850
27852
27856
27862
27864
27871
27872
27874
27875
27882
27883
27884
27888
27891
27894
27897
27905
27921
27923
27926
27932
27933
27939
27942
27946
27952
27953
27961
27962
27964
27969
27970
27973
27979
27986
27993
27994
28000
28002
28005
28008
28010
28013
28014
28018
28021
28024
28027
28028
28029
28031
28033
28038
28040
28041
28046
28056
28059
28061
28063
28064
28067
28071
28074
28075
28076
28077
28080
28081
28084
28086
28089
28098
28100
28104
28107
28112
28116
28119
28120
28121
28126
28127
28131
28138
28139
28141
28143
28145
28146
28150
28151
28159
28160
28161
28164
28165
28166
28167
28170
28174
28175
28179
28180
28181
28183
28185
28188
28189
28191
28193
28198
28200
28225
28228
28229
28231
28233
28235
28243
28244
28248
28250
28252
28259
28260
28261
28265
28267
28268
28270
28271
28273
28276
28278
28285
28297
28298
28301
28303
28309
28311
28313
28316
28317
28322
28323
28325
28326
28332
28338
28349
28352
28355
28357
28358
28362
28366
28372
28374
28376
28378
28379
28380
28381
28383
28388
28393
28400
28402
28403
28405
28406
28410
28413
28417
28432
28434
28435
28436
28441
28445
28446
28448
28454
28457
28459
28466
28474
28478
28479
28499
28509
28517
28525
28526
28532
28534
28542
28543
28549
28551
28555
28557
28558
28563
28564
28567
28580
28588
28596
28598
28600
28603
28613
28614
28615
28619
28622
28625
28626
28627
28630
28631
28634
28636
28643
28647
28651
28653
28654
28666
28674
28676
28684
28688
28699
28709
28713
28717
28724
28725
28728
28729
28733
28735
28737
28739
28744
28747
28748
28750
28755
28759
28770
28780
28781
28787
28790
28791
28793
28794
28798
28799
28803
28804
28806
28809
28817
28826
28834
28835
28837
28846
28858
28859
28861
28863
28872
28875
28882
28883
28885
28886
28887
28890
28896
28903
28904
28906
28907
28910
28913
28914
28921
28924
28937
28939
28943
28953
28955
28957
28963
28966
28968
28971
28974
28980
28983
28989
28994
29000
29002
29003
29007
29009
29017
29023
29024
29029
29030
29041
29044
29046
29047
29049
29052
29053
29056
29058
29059
29063
29066
29068
29069
29070
29071
29083
29086
29087
29092
29095
29097
29101
29102
29106
29115
29118
29125
29131
29134
29141
29143
29146
29153
29154
29156
29161
29163
29169
29171
29172
29174
29175
29176
29186
29188
29192
29195
29198
29202
29207
29216
29217
29218
29231
29234
29240
29243
29246
29252
29254
29257
29261
29267
29269
29270
29277
29278
29286
29290
29298
29308
29311
29314
29315
29318
29319
29323
29327
29328
29336
29339
29343
29348
29349
29366
29369
29371
29372
29380
29385
29388
29389
29396
29401
29404
29405
29408
29409
29412
29413
29415
29423
29424
29429
29433
29440
29443
29444
29445
29458
29466
29467
29468
29469
29471
29473
29475
29476
29477
29480
29485
29487
29488
29496
29512
29513
29514
29516
29519
29522
29525
29527
29528
29529
29533
29536
29539
29540
29542
29544
29545
29546
29550
29551
29552
29563
29565
29571
29574
29576
29587
29588
29592
29597
29599
29602
29605
29606
29607
29610
29612
29616
29617
29619
29620
29623
29627
29629
29632
29635
29636
29637
29639
29641
29642
29653
29655
29657
29658
29659
29663
29667
29668
29679
29691
29695
29697
29698
29699
29702
29703
29704
29706
29711
29721
29724
29729
29736
29738
29744
29747
29750
29756
29759
29763
29767
29768
29770
29771
29772
29777
29778
29781
29783
29784
29788
29790
29791
29792
29797
29799
29803
29805
29807
29809
29813
29815
29819
29821
29827
29830
29831
29835
29841
29843
29845
29851
29852
29853
29855
29868
29869
29872
29873
29875
29877
29878
29881
29882
29884
29885
29889
29891
29899
29901
29908
29910
29911
29912
29917
29918
29922
29924
29925
29936
29939
29943
29944
29953
29959
29962
29963
29966
29971
29976
29978
29980
29983
29985
29987
29990
29992
30003
30008
30009
30014
30020
30026
30029
30031
30033
30038
30039
30043
30044
30047
30049
30053
30056
30060
30061
30064
30067
30069
30070
30074
30077
30078
30079
30088
30093
30094
30096
30100
30101
30103
30109
30111
30114
30116
30118
30119
30120
30123
30132
30136
30138
30139
30145
30153
30154
30156
30157
30158
30161
30165
30171
30175
30176
30178
30180
30183
30191
30194
30198
30206
30208
30209
30215
30218
30220
30223
30227
30228
30229
30232
30243
30244
30245
30251
30256
30263
30268
30269
30270
30272
30273
30276
30282
30287
30293
30296
30300
30304
30307
30312
30313
30314
30317
30323
30324
30326
30327
30329
30331
30332
30334
30335
30343
30344
30345
30353
30363
30367
30368
30369
30376
30377
30379
30383
30384
30388
30390
30392
30399
30404
30407
30408
30413
30415
30420
30421
30423
30426
30428
30429
30439
30440
30442
30445
30446
30455
30457
30462
30463
30465
30466
30468
30471
30474
30475
30485
30489
30497
30498
30501
30517
30518
30522
30525
30528
30529
30531
30532
30538
30539
30546
30551
30553
30558
30559
30561
30563
30565
30570
30576
30580
30583
30585
30589
30594
30597
30600
30602
30604
30605
30609
30613
30614
30615
30616
30619
30620
30621
30627
30628
30630
30635
30637
30638
30644
30647
30649
30650
30653
30654
30655
30665
30670
30673
30674
30676
30677
30681
30682
30688
30694
30695
30705
30707
30709
30716
30717
30724
30733
30740
30741
30747
30748
30749
30752
30754
30755
30764
30765
30768
30769
30773
30776
30782
30792
30794
30795
30799
30801
30802
30803
30814
30816
30821
30822
30826
30829
30833
30837
30840
30841
30846
30850
30851
30853
30856
30857
30875
30878
30882
30884
30885
30887
30899
30900
30904
30906
30907
30911
30912
30913
30915
30917
30918
30920
30921
30924
30928
30930
30934
30941
30943
30949
30950
30953
30954
30955
30961
30966
30973
30975
30976
30977
30979
30999
31002
31004
31006
31007
31008
31009
31013
31020
31025
31029
31039
31046
31057
31061
31071
31072
31074
31080
31083
31086
31087
31088
31089
31092
31096
31098
31099
31100
31101
31102
31105
31106
31107
31113
31114
31115
31118
31121
31122
31126
31135
31136
31138
31143
31146
31150
31158
31160
31166
31167
31168
31169
31170
31175
31176
31183
31197
31201
31204
31205
31207
31209
31213
31219
31230
31235
31237
31238
31245
31246
31251
31252
31253
31256
31258
31265
31268
31269
31270
31271
31274
31281
31291
31294
31298
31301
31310
31311
31312
31315
31318
31319
31322
31323
31325
31334
31338
31341
31348
31356
31365
31368
31370
31372
31377
31382
31387
31393
31394
31395
31396
31403
31411
31415
31416
31419
31421
31422
31429
31431
31434
31438
31440
31445
31448
31451
31453
31454
31458
31459
31464
31468
31470
31476
31478
31481
31484
31490
31492
31495
31506
31507
31515
31522
31526
31529
31532
31534
31535
31539
31540
31547
31552
31556
31558
31560
31569
31577
31579
31585
31587
31593
31600
31604
31609
31612
31616
31622
31627
31638
31642
31643
31649
31654
31655
31656
31665
31666
31669
31672
31678
31679
31682
31683
31685
31691
31694
31700
31701
31702
31706
31709
31718
31719
31720
31722
31726
31728
31737
31741
31749
31750
31753
31755
31756
31757
31764
31765
31767
31771
31774
31775
31776
31778
31779
31790
31796
31799
31804
31805
31812
31813
31819
31820
31822
31824
31830
31840
31843
31845
31847
31848
31850
31854
31855
31862
31865
31885
31887
31889
31890
31893
31894
31899
31902
31905
31906
31914
31916
31920
31932
31936
31937
31944
31947
31948
31953
31954
31956
31957
31961
31964
31970
31976
31985
31986
31997
31998
32007
32010
32022
32024
32026
32027
32040
32042
32054
32058
32062
32064
32065
32067
32069
32070
32072
32074
32083
32085
32087
32088
32090
32094
32095
32099
32100
32101
32106
32107
32109
32112
32115
32120
32125
32127
32131
32140
32144
32156
32161
32163
32168
32169
32172
32174
32186
32189
32197
32198
32201
32204
32205
32214
32218
32224
32225
32239
32240
32247
32250
32253
32258
32259
32260
32263
32265
32267
32268
32273
32276
32280
32282
32284
32285
32286
32289
32291
32294
32295
32300
32302
32303
32305
32311
32319
32320
32323
32326
32329
32332
32334
32339
32345
32351
32355
32361
32363
32366
32375
32376
32378
32380
32381
32391
32396
32398
32402
32406
32407
32408
32411
32415
32417
32418
32428
32433
32434
32439
32445
32446
32449
32454
32457
32459
32461
32463
32467
32472
32473
32479
32482
32484
32485
32491
32492
32493
32495
32498
32500
32505
32508
32510
32512
32518
32521
32523
32524
32535
32537
32538
32539
32545
32552
32557
32564
32568
32575
32578
32580
32582
32591
32594
32595
32601
32602
32608
32610
32615
32616
32617
32628
32631
32634
32639
32643
32646
32653
32657
32659
32661
32664
32665
32666
32675
32679
32680
32681
32689
32690
32692
32693
32694
32708
32711
32717
32720
32722
32723
32725
32729
32734
32736
32739
32741
32745
32754
32757
32766
32771
32775
32776
32784
32790
32792
32797
32799
32802
32806
32810
32815
32818
32822
32827
32828
32829
32831
32839
32848
32854
32859
32860
32867
32869
32870
32871
32874
32880
32882
32884
32886
32890
32892
32893
32898
32901
32904
32909
32911
32920
32922
32925
32929
32930
32932
32937
32943
32945
32951
32952
32953
32955
32960
32966
32967
32971
32975
32984
32988
32989
32990
33000
33004
33008
33010
33011
33012
33013
33016
33023
33025
33027
33028
33029
33033
33034
33037
33044
33050
33051
33063
33065
33074
33077
33078
33080
33083
33088
33089
33090
33091
33094
33095
33096
33099
33102
33110
33111
33115
33118
33146
33147
33149
33157
33175
33178
33180
33181
33183
33186
33187
33188
33194
33196
33197
33198
33201
33202
33206
33207
33209
33213
33215
33216
33219
33221
33222
33224
33229
33232
33233
33234
33237
33238
33239
33243
33245
33247
33248
33250
33253
33257
33261
33267
33268
33272
33273
33279
33285
33293
33296
33301
33302
33305
33307
33308
33309
33310
33312
33314
33316
33321
33334
33336
33341
33342
33347
33349
33352
33362
33367
33369
33370
33371
33373
33376
33381
33382
33383
33390
33397
33400
33401
33408
33414
33415
33418
33419
33420
33421
33426
33433
33434
33437
33440
33441
33442
33444
33447
33448
33456
33458
33460
33463
33465
33471
33472
33480
33482
33483
33486
33488
33495
33498
33502
33505
33507
33510
33512
33514
33516
33517
33519
33527
33528
33531
33532
33537
33539
33540
33544
33550
33551
33556
33558
33561
33563
33573
33581
33584
33586
33589
33590
33593
33594
33595
33596
33597
33604
33611
33616
33617
33619
33620
33623
33637
33639
33640
33641
33643
33647
33649
33650
33651
33658
33662
33663
33665
33666
33667
33671
33674
33675
33677
33681
33683
33685
33686
33687
33693
33701
33703
33704
33712
33715
33718
33719
33724
33725
33727
33730
33732
33734
33739
33740
33741
33742
33743
33744
33745
33749
33750
33753
33754
33761
33762
33766
33767
33769
33772
33773
33781
33782
33783
33785
33787
33791
33796
33797
33798
33808
33809
33813
33819
33826
33828
33830
33831
33838
33839
33840
33848
33849
33850
33859
33879
33883
33886
33890
33892
33893
33899
33905
33910
33920
33923
33924
33941
33945
33948
33950
33951
33953
33961
33966
33970
33975
33982
33985
33987
33988
33990
33993
33998
34002
34006
34009
34012
34017
34020
34023
34024
34025
34026
34032
34033
34035
34038
34039
34040
34051
34052
34060
34063
34064
34069
34070
34072
34073
34075
34076
34077
34078
34079
34080
34081
34082
34083
34090
34100
34103
34107
34108
34109
34110
34113
34120
34121
34123
34128
34130
34131
34136
34138
34139
34142
34149
34153
34157
34159
34162
34166
34167
34173
34178
34181
34187
34189
34190
34193
34199
34201
34202
34217
34222
34227
34232
34238
34246
34249
34250
34251
34255
34258
34261
34263
34264
34270
34271
34275
34278
34285
34287
34289
34301
34307
34316
34320
34321
34326
34327
34328
34329
34331
34335
34336
34337
34342
34343
34347
34348
34350
34352
34365
34366
34368
34370
34371
34376
34377
34380
34381
34385
34386
34395
34399
34401
34402
34406
34415
34420
34423
34425
34426
34430
34431
34433
34435
34442
34447
34448
34450
34454
34456
34479
34480
34486
34488
34491
34495
34497
34498
34502
34505
34507
34522
34526
34533
34538
34540
34543
34546
34547
34549
34554
34555
34556
34558
34561
34567
34568
34571
34572
34573
34574
34584
34585
34586
34588
34589
34591
34600
34603
34606
34616
34619
34620
34629
34630
34633
34638
34643
34646
34654
34665
34667
34671
34679
34686
34688
34692
34695
34699
34700
34701
34705
34715
34716
34724
34727
34730
34731
34734
34742
34743
34744
34745
34751
34752
34753
34758
34761
34765
34766
34768
34776
34780
34781
34784
34793
34796
34798
34802
34808
34817
34824
34827
34828
34830
34840
34843
34847
34849
34856
34857
34871
34872
34876
34878
34889
34895
34896
34905
34907
34911
34914
34922
34927
34932
34933
34936
34939
34942
34944
34948
34949
34951
34953
34958
34959
34960
34964
34965
34967
34968
34971
34973
34986
34987
34989
35010
35012
35013
35018
35021
35028
35033
35037
35038
35039
35042
35043
35046
35047
35048
35050
35058
35060
35066
35072
35073
35075
35076
35078
35080
35086
35087
35089
35095
35096
35099
35104
35105
35107
35113
35117
35120
35121
35126
35131
35134
35135
35143
35146
35151
35156
35157
35162
35167
35175
35177
35180
35182
35184
35188
35198
35199
35208
35209
35215
35218
35222
35223
35228
35240
35242
35248
35250
35256
35257
35258
35259
35260
35262
35263
35264
35276
35279
35288
35294
35308
35312
35327
35330
35331
35343
35344
35354
35355
35356
35358
35360
35364
35371
35372
35373
35377
35380
35381
35391
35393
35395
35401
35402
35406
35413
35414
35418
35420
35421
35423
35428
35429
35430
35431
35432
35440
35442
35443
35446
35453
35454
35455
35456
35457
35458
35465
35468
35474
35476
35477
35482
35484
35490
35494
35496
35498
35503
35504
35506
35508
35514
35515
35517
35520
35525
35526
35527
35539
35546
35556
35557
35563
35565
35566
35568
35569
35576
35579
35587
35593
35594
35596
35605
35611
35613
35615
35618
35623
35625
35634
35635
35646
35647
35651
35656
35657
35669
35676
35683
35688
35689
35694
35699
35701
35705
35708
35713
35717
35725
35727
35728
35729
35730
35733
35739
35742
35743
35744
35747
35757
35758
35760
35763
35765
35768
35774
35776
35779
35780
35781
35789
35791
35795
35796
35797
35798
35799
35805
35806
35809
35810
35811
35815
35816
35817
35820
35833
35834
35837
35838
35839
35845
35846
35847
35848
35850
35851
35852
35854
35857
35858
35859
35861
35863
35866
35868
35872
35874
35877
35878
35880
35883
35884
35893
35901
35907
35915
35917
35919
35920
35921
35927
35928
35929
35930
35939
35942
35946
35948
35950
35954
35962
35963
35968
35969
35971
35972
35983
35988
35990
36003
36008
36010
36015
36017
36019
36021
36025
36032
36033
36036
36039
36040
36044
36046
36049
36055
36059
36060
36061
36064
36067
36071
36081
36083
36084
36089
36090
36092
36094
36095
36101
36106
36108
36125
36136
36142
36143
36146
36153
36154
36156
36157
36160
36165
36167
36175
36179
36180
36181
36182
36184
36187
36188
36194
36198
36204
36208
36219
36225
36231
36237
36238
36245
36250
36251
36254
36261
36272
36276
36277
36278
36279
36283
36284
36287
36289
36292
36296
36302
36305
36307
36311
36312
36314
36315
36317
36318
36323
36324
36325
36326
36329
36331
36333
36334
36336
36343
36346
36359
36361
36365
36366
36368
36370
36376
36383
36384
36388
36389
36395
36396
36400
36422
36427
36430
36441
36442
36445
36450
36455
36457
36458
36462
36463
36464
36467
36470
36474
36479
36480
36482
36485
36490
36500
36501
36504
36506
36513
36515
36516
36517
36520
36522
36529
36531
36533
36535
36542
36549
36550
36552
36559
36563
36564
36569
36573
36575
36578
36591
36592
36594
36595
36596
36606
36610
36612
36614
36616
36621
36623
36626
36630
36631
36634
36635
36641
36648
36651
36656
36659
36662
36663
36665
36667
36671
36672
36677
36679
36682
36683
36686
36687
36694
36695
36698
36702
36705
36706
36710
36711
36713
36715
36720
36736
36746
36749
36750
36759
36763
36764
36771
36774
36777
36780
36788
36794
36797
36802
36807
36808
36809
36816
36818
36820
36822
36823
36837
36838
36842
36844
36846
36850
36853
36855
36867
36876
36879
36882
36884
36888
36889
36891
36898
36900
36904
36908
36915
36918
36921
36923
36924
36925
36929
36934
36937
36938
36941
36942
36947
36950
36960
36967
36968
36969
36971
36972
36976
36978
36981
36982
36990
36993
36994
37000
37002
37007
37008
37012
37014
37018
37021
37024
37027
37039
37041
37047
37049
37050
37052
37053
37062
37067
37068
37069
37071
37073
37078
37079
37081
37083
37084
37088
37089
37093
37094
37123
37124
37136
37146
37149
37153
37154
37155
37157
37158
37160
37163
37172
37177
37179
37181
37183
37188
37197
37199
37203
37204
37220
37232
37241
37245
37246
37247
37248
37259
37260
37261
37263
37265
37270
37274
37288
37289
37298
37300
37301
37302
37304
37305
37306
37313
37325
37326
37333
37349
37353
37354
37356
37358
37361
37363
37365
37368
37371
37373
37376
37380
37386
37387
37389
37390
37399
37401
37405
37406
37407
37409
37416
37418
37422
37432
37439
37440
37442
37445
37452
37453
37456
37458
37463
37465
37476
37478
37479
37480
37485
37487
37490
37491
37499
37505
37507
37509
37512
37517
37520
37522
37532
37533
37534
37535
37536
37540
37543
37544
37548
37552
37553
37558
37563
37570
37574
37576
37577
37579
37587
37588
37590
37597
37602
37603
37605
37606
37613
37614
37619
37624
37625
37629
37630
37638
37639
37641
37646
37647
37649
37652
37654
37656
37663
37665
37666
37672
37674
37677
37682
37683
37686
37687
37688
37689
37691
37695
37696
37698
37705
37707
37712
37716
37717
37728
37730
37734
37735
37743
37747
37748
37759
37761
37764
37772
37777
37778
37779
37782
37786
37798
37801
37805
37808
37809
37810
37811
37819
37825
37826
37827
37830
37831
37835
37839
37840
37847
37854
37857
37866
37870
37871
37873
37875
37878
37881
37896
37897
37901
37905
37912
37917
37918
37926
37927
37931
37932
37937
37940
37942
37944
37945
37947
37952
37954
37955
37960
37961
37962
37963
37969
37972
37977
37978
37979
37981
37996
37997
38000
38007
38008
38014
38020
38026
38030
38032
38033
38036
38039
38044
38048
38050
38051
38053
38062
38064
38065
38070
38071
38073
38076
38077
38084
38086
38090
38091
38092
38116
38119
38120
38122
38123
38124
38134
38135
38145
38146
38148
38151
38152
38153
38167
38170
38173
38174
38175
38177
38180
38183
38184
38186
38187
38188
38194
38198
38200
38204
38205
38206
38207
38215
38216
38217
38222
38223
38227
38228
38233
38234
38237
38238
38244
38248
38254
38256
38257
38265
38268
38269
38274
38277
38278
38280
38281
38282
38283
38285
38294
38296
38304
38309
38310
38311
38317
38327
38329
38333
38340
38342
38344
38347
38349
38350
38351
38363
38365
38371
38379
38387
38389
38391
38393
38397
38406
38414
38415
38418
38420
38421
38426
38431
38438
38446
38450
38452
38457
38465
38470
38475
38480
38483
38484
38491
38493
38497
38500
38501
38502
38504
38514
38515
38516
38517
38519
38520
38525
38527
38532
38534
38537
38545
38548
38549
38552
38556
38559
38561
38566
38571
38573
38574
38578
38579
38580
38581
38586
38588
38589
38590
38592
38593
38594
38595
38598
38601
38602
38603
38604
38605
38612
38615
38616
38618
38623
38625
38630
38637
38641
38642
38644
38654
38659
38661
38663
38664
38668
38674
38676
38682
38685
38686
38691
38700
38701
38707
38712
38716
38719
38723
38738
38740
38744
38751
38755
38756
38759
38770
38771
38774
38776
38778
38793
38794
38797
38799
38804
38805
38810
38816
38817
38818
38820
38828
38836
38838
38843
38847
38852
38858
38862
38869
38877
38878
38880
38883
38885
38893
38899
38900
38902
38905
38906
38909
38910
38913
38916
38923
38930
38933
38935
38937
38938
38940
38943
38948
38952
38953
38956
38958
38964
38967
38968
38969
38970
38971
38972
38974
38979
38983
38985
38994
38995
38998
39001
39003
39005
39006
39007
39008
39009
39010
39022
39023
39027
39032
39037
39041
39044
39046
39047
39051
39057
39058
39060
39068
39075
39077
39089
39099
39105
39113
39115
39117
39118
39125
39135
39138
39143
39149
39159
39169
39177
39183
39189
39192
39197
39202
39208
39219
39222
39226
39230
39233
39237
39238
39240
39249
39256
39257
39262
39264
39267
39269
39271
39274
39275
39278
39281
39284
39288
39290
39291
39292
39294
39295
39301
39310
39311
39320
39323
39327
39329
39330
39331
39334
39339
39340
39348
39352
39353
39358
39360
39363
39367
39369
39373
39375
39377
39382
39387
39391
39396
39398
39401
39404
39415
39417
39426
39427
39430
39439
39449
39450
39451
39454
39457
39459
39466
39467
39470
39473
39476
39478
39481
39482
39484
39486
39488
39489
39493
39495
39499
39504
39505
39509
39512
39516
39517
39519
39520
39521
39523
39530
39532
39533
39535
39541
39542
39545
39549
39550
39555
39561
39563
39566
39567
39568
39570
39573
39584
39588
39590
39599
39600
39601
39606
39607
39613
39615
39619
39620
39622
39629
39630
39631
39634
39636
39637
39638
39641
39646
39652
39656
39666
39668
39670
39674
39676
39679
39681
39691
39696
39698
39699
39701
39703
39710
39716
39719
39721
39723
39724
39729
39731
39734
39735
39737
39738
39743
39744
39746
39763
39769
39771
39772
39774
39780
39782
39792
39793
39796
39799
39800
39801
39803
39808
39813
39815
39818
39820
39824
39828
39829
39832
39833
39836
39837
39839
39841
39843
39849
39853
39854
39856
39860
39865
39870
39873
39874
39878
39879
39882
39886
39887
39889
39891
39892
39894
39897
39899
39902
39904
39905
39906
39912
39913
39914
39916
39931
39935
39939
39940
39942
39945
39946
39948
39950
39953
39960
39963
39965
39970
39977
39981
39982
39983
39987
39995
39997
40005
40009
40015
40017
40018
40023
40027
40028
40032
40036
40037
40046
40052
40059
40060
40063
40064
40065
40068
40071
40074
40075
40079
40080
40081
40082
40083
40088
40090
40092
40096
40098
40099
40100
40101
40102
40104
40106
40108
40111
40113
40115
40116
40118
40121
40125
40127
40138
40141
40142
40149
40156
40162
40164
40171
40178
40184
40188
40194
40195
40207
40210
40212
40218
40219
40220
40228
40232
40233
40241
40244
40245
40248
40249
40257
40261
40264
40265
40270
40276
40278
40281
40285
40289
40290
40291
40292
40294
40298
40299
40307
40313
40322
40324
40328
40338
40341
40342
40343
40348
40352
40355
40357
40358
40370
40372
40375
40386
40393
40394
40397
40401
40402
40411
40413
40414
40415
40422
40424
40425
40428
40432
40436
40438
40441
40442
40449
40450
40453
40468
40469
40473
40474
40479
40480
40485
40488
40496
40499
40504
40507
40508
40509
40515
40516
40518
40519
40522
40523
40524
40526
40529
40531
40535
40537
40541
40547
40550
40554
40562
40563
40564
40576
40579
40580
40582
40589
40590
40591
40593
40594
40596
40597
40599
40605
40607
40611
40613
40618
40619
40621
40629
40638
40639
40644
40646
40647
40648
40654
40655
40656
40658
40660
40663
40664
40665
40672
40678
40679
40680
40682
40684
40685
40693
40700
40703
40705
40708
40709
40710
40711
40715
40718
40722
40724
40727
40731
40734
40737
40739
40740
40748
40753
40757
40762
40767
40777
40786
40790
40803
40807
40808
40809
40810
40812
40814
40815
40817
40822
40825
40830
40842
40846
40850
40855
40861
40867
40875
40876
40880
40885
40890
40895
40896
40901
40903
40906
40907
40908
40915
40917
40918
40925
40927
40942
40943
40947
40953
40955
40956
40966
40970
40972
40974
40976
40977
40981
40984
40985
40991
40994
40996
41002
41003
41005
41006
41011
41017
41019
41023
41024
41026
41028
41030
41032
41035
41038
41043
41048
41049
41056
41063
41078
41088
41089
41090
41091
41097
41100
41101
41103
41105
41109
41110
41120
41122
41126
41128
41133
41136
41138
41140
41147
41148
41151
41153
41155
41157
41165
41167
41169
41172
41173
41174
41179
41189
41191
41193
41195
41203
41213
41215
41217
41219
41230
41231
41233
41245
41248
41249
41257
41258
41259
41261
41262
41263
41264
41265
41266
41268
41271
41274
41275
41277
41287
41289
41290
41291
41302
41303
41307
41312
41326
41328
41331
41333
41336
41338
41346
41347
41348
41352
41357
41359
41361
41362
41363
41377
41378
41379
41381
41382
41384
41388
41392
41396
41408
41409
41410
41415
41417
41422
41427
41428
41439
41443
41447
41453
41454
41456
41458
41463
41464
41467
41468
41476
41477
41479
41483
41484
41489
41490
41497
41500
41505
41508
41522
41523
41527
41528
41529
41532
41535
41538
41546
41558
41563
41568
41571
41580
41586
41588
41590
41592
41594
41595
41597
41604
41606
41607
41608
41611
41614
41623
41628
41640
41644
41645
41648
41649
41654
41655
41657
41659
41660
41662
41663
41666
41669
41676
41677
41682
41691
41696
41699
41701
41705
41710
41711
41714
41717
41719
41723
41729
41734
41736
41737
41739
41740
41741
41742
41748
41749
41750
41756
41762
41763
41766
41768
41770
41776
41785
41786
41787
41791
41797
41801
41804
41806
41808
41811
41814
41818
41819
41822
41827
41829
41836
41839
41842
41847
41849
41850
41854
41855
41857
41860
41861
41869
41872
41878
41879
41885
41887
41888
41889
41895
41899
41907
41912
41918
41920
41924
41926
41932
41933
41934
41937
41945
41953
41954
41955
41966
41967
41971
41975
41976
41977
41979
41981
41982
41987
41995
41996
41999
42000
42009
42013
42014
42017
42022
42024
42025
42040
42042
42047
42053
42055
42060
42062
42065
42069
42070
42071
42073
42075
42080
42081
42085
42087
42096
42108
42110
42113
42119
42124
42125
42127
42128
42135
42136
42137
42139
42140
42141
42143
42145
42146
42147
42149
42151
42155
42161
42163
42164
42167
42168
42169
42171
42179
42181
42186
42190
42199
42202
42203
42205
42207
42208
42211
42216
42221
42224
42228
42229
42230
42235
42241
42244
42246
42250
42253
42260
42262
42263
42264
42269
42276
42281
42287
42294
42295
42298
42301
42302
42306
42307
42311
42312
42313
42314
42315
42318
42332
42335
42340
42341
42342
42343
42347
42349
42352
42353
42367
42376
42387
42392
42395
42399
42402
42403
42410
42412
42414
42418
42437
42441
42442
42444
42454
42455
42458
42459
42462
42473
42475
42477
42478
42480
42484
42486
42488
42490
42498
42507
42508
42512
42516
42525
42527
42542
42550
42551
42552
42554
42556
42557
42559
42560
42566
42569
42573
42574
42588
42589
42590
42591
42592
42599
42603
42606
42609
42614
42616
42618
42619
42626
42627
42629
42630
42631
42636
42639
42643
42646
42651
42653
42655
42656
42658
42661
42662
42663
42664
42665
42667
42670
42672
42673
42674
42675
42678
42687
42695
42697
42700
42702
42704
42709
42710
42715
42716
42718
42723
42727
42729
42734
42735
42739
42741
42742
42750
42751
42753
42758
42761
42765
42769
42770
42778
42781
42784
42785
42786
42787
42790
42795
42796
42797
42802
42805
42808
42809
42811
42819
42823
42829
42830
42841
42845
42851
42856
42859
42860
42861
42863
42868
42869
42878
42888
42900
42901
42903
42904
42905
42907
42909
42912
42913
42915
42918
42927
42934
42941
42942
42954
42955
42956
42967
42969
42972
42977
42978
42982
42991
42992
42994
42997
43002
43006
43008
43013
43015
43020
43021
43023
43026
43032
43036
43037
43042
43044
43050
43052
43055
43059
43068
43073
43076
43081
43098
43102
43104
43109
43112
43117
43121
43122
43132
43145
43146
43147
43148
43151
43157
43162
43164
43170
43173
43178
43179
43184
43186
43192
43199
43202
43205
43206
43210
43211
43214
43215
43217
43220
43224
43229
43238
43239
43240
43247
43252
43258
43267
43270
43274
43279
43280
43282
43292
43294
43296
43297
43303
43308
43311
43314
43325
43327
43333
43335
43337
43342
43343
43346
43356
43358
43364
43371
43372
43376
43381
43382
43386
43388
43390
43403
43407
43410
43414
43416
43417
43424
43428
43437
43441
43443
43447
43448
43453
43454
43457
43460
43461
43469
43470
43474
43475
43478
43479
43483
43489
43499
43500
43501
43502
43504
43505
43506
43509
43510
43512
43514
43516
43521
43524
43525
43527
43528
43531
43532
43534
43539
43540
43545
43548
43549
43550
43552
43557
43560
43563
43573
43575
43576
43581
43584
43586
43591
43593
43596
43598
43604
43605
43609
43614
43617
43621
43624
43626
43627
43628
43629
43630
43632
43634
43636
43638
43640
43641
43642
43646
43649
43650
43655
43659
43661
43663
43664
43667
43668
43669
43681
43684
43688
43692
43694
43695
43696
43700
43709
43710
43714
43715
43716
43720
43721
43723
43728
43734
43735
43738
43739
43741
43743
43745
43746
43749
43754
43758
43763
43764
43765
43771
43775
43776
43779
43780
43785
43786
43804
43811
43814
43815
43818
43823
43826
43828
43831
43838
43847
43848
43853
43854
43859
43860
43863
43864
43865
43870
43874
43887
43888
43891
43892
43897
43898
43902
43904
43908
43909
43912
43913
43919
43923
43925
43926
43928
43929
43932
43933
43934
43935
43950
43954
43958
43961
43970
43974
43976
43981
43983
43984
43985
43988
43992
43995
43996
44000
44002
44004
44008
44011
44023
44026
44027
44030
44034
44039
44040
44041
44045
44056
44071
44074
44078
44079
44080
44081
44082
44090
44107
44121
44125
44126
44134
44136
44145
44149
44153
44162
44165
44168
44171
44172
44174
44175
44176
44178
44180
44185
44198
44199
44200
44202
44203
44206
44207
44209
44210
44215
44231
44239
44241
44243
44244
44245
44246
44253
44254
44266
44267
44270
44272
44273
44279
44289
44294
44298
44299
44303
44308
44315
44321
44335
44336
44339
44350
44352
44363
44364
44365
44367
44370
44372
44375
44379
44389
44391
44392
44394
44397
44402
44405
44415
44422
44423
44431
44433
44436
44440
44446
44447
44448
44449
44450
44451
44455
44456
44461
44463
44464
44465
44466
44468
44469
44470
44471
44474
44476
44484
44488
44490
44492
44498
44503
44508
44509
44517
44518
44519
44520
44521
44525
44526
44529
44537
44540
44541
44544
44545
44546
44547
44549
44552
44553
44554
44558
44563
44565
44566
44569
44573
44587
44588
44589
44592
44594
44595
44598
44599
44601
44602
44608
44609
44612
44613
44614
44620
44621
44629
44633
44638
44641
44643
44644
44646
44648
44650
44653
44659
44666
44670
44678
44680
44682
44689
44695
44696
44697
44699
44704
44710
44715
44716
44717
44721
44723
44725
44726
44729
44732
44739
44743
44745
44747
44751
44754
44764
44765
44767
44775
44777
44779
44785
44786
44790
44793
44794
44803
44804
44806
44810
44818
44828
44829
44834
44835
44837
44841
44844
44857
44861
44864
44873
44881
44883
44889
44891
44895
44900
44905
44906
44910
44916
44917
44918
44919
44920
44924
44925
44926
44928
44935
44936
44943
44945
44952
44954
44956
44959
44962
44964
44967
44968
44969
44970
44971
44972
44975
44976
44977
44978
44993
44996
44997
45002
45005
45014
45015
45016
45030
45037
45038
45039
45040
45046
45048
45049
45055
45058
45059
45060
45063
45064
45066
45067
45070
45071
45074
45077
45078
45081
45084
45085
45089
45092
45093
45100
45105
45106
45109
45110
45112
45114
45118
45121
45122
45124
45126
45132
45133
45144
45145
45147
45150
45151
45156
45158
45166
45170
45180
45182
45187
45188
45190
45195
45196
45197
45198
45200
45201
45210
45218
45221
45226
45233
45235
45241
45244
45252
45254
45258
45259
45263
45266
45268
45272
45274
45275
45279
45284
45286
45287
45288
45291
45295
45296
45301
45303
45304
45306
45311
45313
45314
45315
45316
45317
45322
45323
45330
45332
45334
45339
45340
45344
45347
45349
45357
45358
45359
45364
45370
45371
45373
45377
45381
45384
45389
45392
45393
45398
45399
45400
45405
45406
45408
45411
45412
45418
45426
45427
45429
45430
45431
45434
45441
45442
45456
45465
45466
45467
45471
45474
45475
45485
45487
45488
45496
45497
45498
45502
45506
45516
45517
45524
45529
45533
45539
45541
45546
45555
45565
45567
45569
45571
45574
45584
45585
45592
45599
45600
45605
45609
45611
45614
45616
45619
45621
45623
45638
45639
45641
45643
45644
45645
45654
45658
45660
45665
45666
45668
45672
45673
45675
45680
45686
45687
45688
45689
45691
45693
45695
45696
45702
45704
45710
45711
45712
45714
45715
45720
45721
45723
45729
45734
45735
45738
45741
45744
45745
45749
45754
45759
45760
45768
45773
45775
45780
45782
45785
45787
45789
45797
45801
45804
45811
45813
45820
45827
45829
45832
45835
45837
45839
45841
45848
45857
45858
45863
45866
45867
45872
45877
45878
45881
45886
45892
45894
45899
45900
45902
45905
45906
45920
45922
45925
45930
45935
45936
45938
45943
45946
45953
45959
45964
45965
45969
45972
45977
45981
45982
45984
45993
46003
46004
46005
46009
46013
46019
46042
46043
46046
46047
46059
46061
46068
46070
46073
46076
46079
46086
46088
46089
46101
46104
46105
46107
46108
46110
46113
46115
46117
46118
46119
46127
46131
46132
46137
46140
46141
46145
46150
46153
46156
46162
46164
46166
46171
46174
46178
46179
46185
46192
46194
46205
46206
46207
46212
46213
46218
46219
46221
46225
46227
46228
46230
46232
46233
46244
46245
46251
46255
46257
46261
46268
46271
46283
46284
46285
46294
46297
46299
46300
46306
46307
46308
46315
46320
46321
46323
46328
46332
46333
46335
46338
46339
46342
46343
46344
46351
46354
46356
46359
46362
46366
46367
46369
46374
46376
46384
46396
46398
46406
46407
46408
46411
46414
46417
46419
46420
46427
46430
46438
46446
46447
46448
46450
46452
46458
46460
46461
46464
46470
46473
46476
46477
46478
46486
46501
46502
46506
46507
46511
46513
46516
46519
46520
46524
46526
46527
46530
46539
46541
46544
46547
46553
46558
46564
46569
46570
46577
46578
46581
46585
46586
46587
46588
46589
46592
46593
46599
46605
46616
46618
46623
46625
46629
46631
46632
46642
46643
46647
46648
46650
46652
46654
46655
46663
46664
46674
46678
46680
46681
46685
46689
46695
46696
46698
46703
46706
46707
46713
46717
46718
46721
46722
46730
46731
46732
46733
46741
46744
46748
46750
46752
46753
46759
46763
46769
46770
46771
46772
46774
46775
46776
46786
46788
46789
46792
46798
46800
46802
46804
46807
46808
46814
46831
46832
46835
46841
46843
46845
46848
46850
46861
46865
46866
46872
46876
46877
46878
46880
46881
46883
46884
46893
46902
46904
46906
46910
46912
46913
46914
46915
46919
46928
46931
46935
46940
46943
46945
46947
46951
46952
46966
46970
46974
46979
46981
46986
46990
46993
47000
47001
47002
47004
47005
47006
47017
47021
47022
47026
47033
47040
47041
47042
47045
47048
47050
47053
47058
47060
47064
47066
47067
47079
47083
47085
47087
47093
47101
47104
47106
47108
47110
47120
47124
47128
47136
47141
47144
47150
47152
47155
47156
47163
47166
47168
47171
47172
47174
47176
47182
47187
47190
47194
47198
47199
47201
47208
47215
47224
47226
47228
47231
47233
47237
47239
47241
47242
47243
47244
47246
47249
47254
47262
47267
47271
47273
47277
47280
47282
47287
47288
47290
47299
47300
47305
47307
47310
47311
47314
47318
47320
47324
47328
47337
47340
47344
47345
47348
47349
47354
47360
47362
47363
47364
47366
47367
47374
47377
47380
47384
47390
47392
47397
47398
47401
47403
47404
47405
47407
47409
47418
47419
47425
47429
47430
47431
47435
47442
47448
47452
47453
47454
47455
47457
47467
47468
47470
47471
47474
47483
47484
47487
47488
47503
47510
47511
47512
47523
47525
47529
47539
47540
47541
47542
47546
47548
47549
47551
47564
47565
47566
47570
47573
47574
47582
47585
47586
47588
47591
47593
47594
47608
47614
47616
47617
47618
47619
47622
47623
47624
47627
47630
47631
47632
47637
47642
47644
47645
47648
47650
47652
47656
47660
47664
47666
47671
47675
47684
47686
47690
47691
47695
47697
47703
47704
47706
47709
47710
47711
47712
47718
47719
47727
47735
47738
47743
47746
47749
47752
47754
47756
47759
47760
47761
47763
47764
47766
47767
47771
47772
47774
47779
47790
47798
47802
47808
47809
47821
47823
47833
47836
47837
47841
47842
47845
47850
47852
47855
47865
47867
47869
47870
47873
47874
47876
47883
47888
47891
47894
47901
47903
47906
47907
47909
47910
47912
47915
47922
47924
47925
47927
47936
47939
47940
47944
47948
47955
47958
47972
47974
47984
47985
47986
47989
47992
47999
48001
48002
48009
48015
48017
48021
48024
48025
48029
48031
48032
48033
48034
48043
48046
48047
48053
48055
48059
48063
48064
48065
48071
48072
48075
48085
48087
48088
48091
48093
48094
48096
48099
48100
48102
48105
48117
48122
48126
48132
48143
48146
48150
48151
48152
48153
48159
48160
48163
48164
48166
48167
48171
48175
48178
48179
48185
48188
48196
48198
48203
48211
48212
48214
48222
48223
48224
48228
48234
48237
48244
48246
48254
48256
48257
48260
48262
48269
48277
48279
48280
48282
48288
48291
48293
48295
48298
48300
48304
48305
48308
48310
48312
48315
48316
48317
48318
48321
48322
48325
48326
48329
48334
48338
48339
48340
48345
48350
48352
48353
48354
48355
48359
48360
48367
48370
48373
48375
48379
48385
48386
48388
48389
48391
48394
48399
48400
48405
48406
48407
48408
48410
48415
48416
48424
48426
48435
48438
48439
48441
48445
48451
48457
48458
48460
48463
48464
48471
48473
48476
48479
48484
48485
48491
48496
48502
48508
48511
48512
48515
48516
48517
48520
48521
48528
48529
48533
48539
48541
48544
48545
48564
48567
48568
48570
48574
48579
48580
48584
48587
48591
48596
48604
48605
48610
48612
48613
48618
48619
48626
48633
48634
48636
48637
48639
48642
48643
48646
48648
48652
48653
48656
48658
48662
48664
48665
48667
48668
48672
48675
48680
48681
48682
48698
48706
48707
48709
48710
48716
48720
48723
48729
48734
48735
48739
48740
48743
48746
48748
48760
48761
48766
48772
48787
48789
48792
48796
48806
48808
48811
48812
48818
48819
48820
48824
48827
48830
48831
48836
48841
48842
48851
48853
48854
48855
48856
48859
48862
48863
48869
48875
48878
48879
48887
48893
48896
48898
48903
48906
48912
48913
48915
48916
48917
48926
48929
48936
48937
48941
48945
48950
48953
48961
48969
48972
48974
48975
48978
48989
49001
49002
49008
49013
49016
49018
49019
49022
49027
49030
49031
49034
49036
49037
49041
49048
49050
49055
49057
49059
49062
49064
49065
49066
49072
49073
49077
49078
49080
49084
49086
49087
49088
49090
49091
49094
49096
49098
49108
49110
49114
49121
49125
49128
49133
49134
49135
49136
49137
49138
49144
49147
49148
49151
49156
49158
49159
49164
49167
49168
49169
49173
49178
49179
49187
49189
49192
49196
49198
49205
49206
49207
49208
49213
49222
49228
49230
49232
49237
49238
49239
49243
49252
49257
49258
49260
49261
49263
49266
49269
49270
49275
49276
49278
49282
49283
49285
49286
49290
49292
49300
49302
49307
49308
49310
49313
49318
49326
49328
49329
49331
49338
49344
49346
49349
49351
49352
49353
49355
49356
49359
49361
49362
49365
49367
49369
49370
49375
49379
49383
49387
49388
49390
49401
49402
49403
49404
49414
49418
49421
49429
49432
49436
49441
49444
49458
49460
49461
49463
49469
49470
49471
49473
49475
49476
49483
49489
49504
49505
49510
49513
49515
49520
49525
49526
49527
49528
49530
49534
49535
49539
49543
49556
49559
49564
49575
49578
49584
49586
49589
49590
49593
49594
49597
49602
49603
49604
49605
49607
49609
49611
49613
49615
49616
49619
49621
49624
49633
49634
49635
49642
49643
49645
49652
49658
49660
49663
49664
49669
49674
49676
49687
49690
49699
49701
49705
49716
49718
49719
49723
49724
49734
49740
49743
49747
49749
49751
49759
49766
49769
49777
49779
49781
49783
49786
49787
49804
49805
49806
49808
49812
49816
49820
49831
49839
49842
49846
49847
49849
49850
49856
49863
49864
49872
49874
49875
49879
49880
49886
49891
49892
49893
49894
49895
49899
49902
49913
49926
49930
49933
49935
49936
49944
49946
49947
49949
49950
49956
49961
49963
49967
49971
49972
49973
49977
49978
49981
49990
49992
49993
49995
49997
49998
49999
