103
226
493
809
823
989
991
1103
1326
1705
2256
2898
2902
3009
3355
3400
3666
3922
3941
4629
4665
4805
4842
5014
5731
5902
6769
7529
8127
8622
8740
9402
10020
10112
10493
10798
11029
11350
12261
12476
12493
12613
12643
12735
12739
12814
12996
13174
13410
13484
13563
13796
14468
14514
14777
14807
14897
15535
15793
15945
16017
16284
16605
16973
17002
17021
17548
17579
17635
17646
17792
18178
18378
18937
19500
19679
20085
20127
20368
20376
20518
21523
21558
21612
22394
23195
23232
23317
23592
23701
23897
24217
24665
24923
24949
25100
26223
26598
26655
26763
27260
27447
27668
27687
27862
28018
28374
28378
28474
28543
29044
29083
29429
29516
29889
29922
30191
30615
30630
30943
31122
31338
31604
31679
31718
31741
32408
33198
33321
33781
34081
34401
34572
34784
35021
35508
35820
36455
36679
37136
37353
37630
37857
38778
39118
39369
39451
39619
39735
39902
40052
40504
40564
41004
41017
41091
41110
41554
41586
41799
41808
41895
42124
42135
42179
42181
42221
42392
42458
42658
42704
42753
42841
42913
43516
43641
43646
44034
44171
44210
44436
44743
45084
45268
45801
46070
46476
46718
46753
46789
47016
47401
47588
47660
47903
48021
48033
48055
48375
49664
49820
49872
49875
49977
