41078
49094
3231
21418
23675
27329
14226
39899
3030
15339
47041
11954
24474
4230
14689
21134
26631
10204
34381
1075
48869
47320
22108
21645
27465
16551
34052
17268
3416
36838
16415
11478
44450
14099
15038
14562
41768
24084
46872
40727
40052
25842
29853
25874
44517
21225
36005
41043
33742
4690
26340
43929
45600
186
20935
31820
25236
19457
38134
29164
39009
3236
32717
17255
6160
27668
10925
24145
33993
41005
20107
3626
15255
6040
41655
3483
19729
46868
22552
21382
12387
46845
438
35477
17208
47187
27702
43692
10658
29246
11828
38794
986
15710
23477
49820
48568
4290
14215
8823
3696
7792
45418
4477
41742
8271
12742
40715
22482
29440
45837
4801
16624
38187
596
26384
28056
11033
9769
39132
47474
21621
17539
28759
28198
4036
36245
43627
22432
42395
25434
16889
7352
15487
3911
40757
27871
18628
45046
29278
48533
46876
14321
27710
28684
21679
15596
3450
29784
35776
12002
16202
29827
16925
49062
4660
26825
5800
45465
49041
16112
5059
41523
23252
30312
3694
25121
36666
47360
7321
33347
19846
27872
35950
47650
43184
22963
30846
7759
37409
39489
3886
41920
48223
13986
48491
14742
13633
32990
21950
44062
6870
6286
45334
20619
44725
31430
30526
43042
22156
3578
45349
4353
40550
8696
23652
34905
9195
5234
6525
6312
49530
24144
15666
33987
18736
42110
46786
23077
38556
22450
41336
3979
39262
14415
17798
6814
46323
3733
40541
18580
29071
22139
12885
19795
38958
27555
16314
6152
18621
49489
32376
40974
39970
43596
38618
43417
24999
48305
30613
41842
19462
36631
44415
2044
24949
36941
9818
48831
36180
10470
5324
35969
2122
30695
7015
25553
49779
3859
37172
32757
44650
48458
39105
31666
8475
9396
34546
40708
27752
45943
48812
11109
5212
42040
40450
24365
17901
16993
30111
45347
26910
15483
27166
43828
46581
47033
22308
43540
35454
11687
32508
9074
47364
20339
10633
12800
11427
1322
35496
23717
13172
48854
17644
13675
23036
47233
18314
30649
39865
33532
44099
30717
12950
7980
45330
40731
41710
11223
44008
9118
23468
28005
19353
47453
5477
25926
38351
27823
38148
28555
20012
7895
25478
46162
12981
29552
39291
32500
27239
49362
28179
37078
36395
19977
4242
29413
2996
29588
10236
11035
32239
28713
16106
48830
296
18426
36656
17126
47244
12243
39679
21321
15199
32319
421
34320
41357
49458
34278
44253
20539
20509
37039
12156
39813
34425
15410
39387
33302
48856
43294
24717
26557
29679
14142
22738
32367
49993
44030
39290
47671
49705
7576
34064
2805
35
39504
8565
21328
30078
17099
19076
3852
21402
7530
720
18257
975
31061
22145
7556
8875
36713
27334
45517
45619
45259
12664
3184
40678
15272
48709
2520
46741
2976
46502
4218
38885
34077
30899
3309
39965
42498
827
28558
19065
37996
13217
42208
24943
28699
4640
2043
17153
42770
18851
35482
39008
30061
25423
24569
45132
27450
10706
31291
29069
17815
24520
28271
32095
27552
21082
15725
27923
28332
8227
45014
14114
5684
42468
20811
16552
26002
4380
13127
38969
19053
42486
30020
11791
13470
4750
25493
6644
28260
2205
3849
15273
38843
28564
48088
28189
31454
14601
16587
12536
22947
45339
32094
26104
12331
7308
35962
5776
23221
36994
20686
30627
43247
36430
26103
42260
17471
12368
17001
26649
34080
25286
31771
35420
31230
22977
13770
13749
13492
38174
16897
31964
19174
16137
6863
18130
26850
32305
23795
25335
42663
10022
21155
32693
34620
47110
8603
41770
29058
15803
21732
10875
48969
47764
22335
37146
15664
19798
4423
32304
20515
16825
34871
22824
6709
21791
13096
42387
47790
20452
32107
11939
2187
45195
48879
31252
42851
38234
34585
23388
11774
35107
34307
32754
27354
35705
45567
13329
5623
28793
37007
18358
48915
24397
3301
15394
9259
35594
28104
34798
4169
19657
6693
8283
20646
29298
41328
37520
45055
28380
12637
38186
105
49950
5703
6906
13563
37712
15694
17430
49078
49178
21819
49471
32810
3247
14640
47176
41290
45298
10869
18224
3442
38175
39352
16843
3729
24894
25510
1048
21680
36884
24306
47631
18948
21304
37123
26376
18627
19970
11290
18820
29569
2252
5694
7984
6124
12877
23927
30440
38586
43604
30332
29771
27231
25206
35811
28517
16465
7524
24638
19793
18207
34876
49616
32284
45105
44397
1384
47903
27255
32186
35730
42135
17232
40907
39493
46632
11237
26367
46127
5214
2005
23711
9661
39310
44509
6696
33373
49367
44121
17646
17674
24336
31765
2950
7673
29102
31813
43933
2280
6251
18681
14024
42211
47586
17594
3407
22601
38625
42784
47710
23987
43958
12735
3044
24700
17461
30093
3462
44785
10133
13385
39499
10968
22825
42281
1039
22180
20738
6613
37124
41381
45696
40449
47425
31168
14970
26763
8855
9358
33441
398
49596
20494
6473
41926
14132
17637
27549
19741
45164
22499
20296
37050
311
13889
10108
34342
34967
18155
31749
12230
40621
40580
11614
10970
16316
43573
7163
16732
38135
4846
30614
22820
37972
47083
16037
48099
17050
11318
26502
18498
36515
44924
12679
5952
9654
36198
22373
35927
30792
20573
4720
19351
45470
34616
35625
15372
7457
22020
28014
21954
41447
20774
1210
1147
40142
26249
37389
19039
32545
15600
40809
2403
38707
39183
44697
48198
49864
10185
4455
28817
32675
28316
14177
34498
38065
20987
26206
35566
24072
11734
4812
35401
13214
26375
1565
41641
22631
866
10493
11311
46420
21798
34123
16352
33741
14514
15115
33418
12538
29047
7168
27717
46407
42080
11888
22767
32615
37349
3796
957
49963
43694
8550
12717
38682
24541
43474
10448
2643
40817
41723
15411
19370
37918
24631
3570
42662
23846
25216
43068
34606
6178
16765
38222
42447
5119
28406
30009
44245
30816
31885
14609
16242
40428
31150
24962
44686
5011
30529
47299
26877
28613
13768
30132
45832
38420
20376
48063
22164
26124
3102
33951
23323
6735
19742
37356
16839
9838
1144
25218
49613
4109
34793
44837
23968
22776
35371
19332
29881
10462
45399
33893
18637
1759
41247
35423
24590
17679
45456
26394
31468
43721
15628
10660
44175
46648
4725
43297
25106
43335
49992
46219
12898
35852
33563
36513
8813
3352
45720
23474
33083
23933
13174
40970
38406
15585
12841
1829
4695
9840
38603
3137
4857
49603
41265
39143
16829
34316
25441
49502
4333
44710
1619
34023
13691
49418
31840
12378
22676
10959
14256
35798
9059
45964
36578
14540
11210
41608
13503
33718
19052
5932
16562
1836
21196
35857
21369
24408
22826
17048
27037
29899
48937
9651
24904
22549
10699
19877
15261
31900
23812
43206
33253
25084
163
5612
23654
36010
11651
21980
25098
33840
35413
16709
28150
13995
22425
7649
47201
32120
35432
46320
30733
21772
45233
27440
45114
13213
38207
12328
7307
8418
47686
22652
40762
28532
20731
31957
4095
8541
25930
21794
37963
3295
25332
24833
43157
30522
11565
31985
6388
7490
40611
31434
15851
1303
13796
10453
22378
22574
43104
45081
44203
11679
2620
3827
24041
26386
39567
13997
41737
42861
41103
45332
25623
39828
23126
9501
47627
13474
24021
27285
10616
2690
35039
30875
16601
42727
30637
24630
27551
29087
44476
42574
31495
19430
31756
46342
899
11498
46703
20380
38183
39780
219
10920
37049
5386
25306
17484
20276
25860
38491
16757
6212
11251
2568
7811
19354
37041
25646
5301
30600
45930
10327
39323
37406
15707
47594
41644
4658
48445
37677
37445
3682
14023
38167
6
49777
25172
2423
42306
29468
15643
31338
35073
23551
1171
16278
4950
33349
46359
6900
27939
3434
16077
21405
39746
35983
39363
24828
38913
40436
41756
32282
6287
38228
1880
43970
13140
1705
49698
16323
20622
18495
9045
46005
35060
8292
9874
37160
42646
46553
35623
47271
15913
49077
15455
6679
36359
13935
9843
19008
12803
16180
10686
45539
29973
30754
41924
38644
35757
5081
38519
16883
11831
47934
32869
13484
23815
9947
9474
22622
20667
4866
18178
37597
18896
19268
3603
19243
44732
14575
42241
6599
29143
47955
41682
19505
35355
41333
32454
18276
4816
25186
9863
6246
24049
40115
29736
31905
44041
40414
11346
43695
27146
17456
33593
26378
8546
36759
32690
14545
29620
10485
24886
44972
45969
11046
45546
5725
23847
39007
16192
23315
5898
39125
28924
29243
49526
48091
31176
48043
23570
33122
45734
32344
26586
28200
8131
3771
48094
48002
5839
46076
11588
42584
5080
4050
8617
6437
14737
42741
18920
9357
18342
29791
36049
25399
7552
49016
19301
30136
34488
44423
26698
11572
44553
38470
1221
46881
4764
8655
39189
33486
17171
16810
22054
42343
46680
30605
40372
3425
23048
27517
20856
13438
14288
41346
43390
9095
12199
26190
47448
6565
41248
38893
1509
38277
37465
10137
4354
26506
18188
4183
21364
16989
49534
13617
36292
6539
9518
41258
6800
12263
15958
31604
2175
42869
16739
17442
33848
32792
48945
19232
43008
25251
31440
44764
48212
17108
38836
35279
39982
43913
43199
18674
7875
45066
27660
6753
17414
34162
22399
47150
41975
13270
30900
20198
29878
12817
48047
32072
43327
8061
18876
47048
47124
27435
8184
39305
34301
13787
46417
20896
36474
13194
26089
1727
37558
23265
3129
3311
8515
49759
26915
33961
18624
25078
7838
43892
13381
11191
4078
20759
4900
15508
41456
4613
8706
5350
24263
22856
15197
32766
47101
47429
48471
2293
18092
40596
31899
44996
33514
41310
48065
32929
40100
17984
42418
36552
12632
14316
38452
13032
12826
19500
20855
17927
7289
34069
33724
33769
14726
28647
40098
26465
40375
13961
26600
33982
46771
7525
48017
23309
13158
10963
31638
9753
25578
12405
35381
24579
31334
1507
16276
20238
11657
32074
19036
45304
27807
26177
13537
21142
10450
34568
2149
21489
44653
17643
2446
14723
4769
26748
46075
47697
18080
11807
41392
29318
12258
3929
23489
42556
45881
43414
24446
6960
29539
58
13903
34964
44723
39613
47869
23134
553
40509
29444
30390
8937
15093
20093
7753
38418
37577
23411
24341
32225
24388
11002
21204
26521
28448
8053
47808
20736
28625
2769
1042
43668
19205
41839
33408
4756
46077
9862
21037
47749
46411
34051
8336
40432
11914
437
41529
24211
5815
29314
14418
44056
39353
46013
26585
22760
6685
22557
29529
48893
5618
10828
26952
19597
29348
11573
44828
12055
42697
2756
47675
42934
6382
40411
6502
17274
37373
25910
29889
17409
983
25130
14383
16175
42341
138
27946
36710
7896
24586
39634
5462
33838
14390
28379
3990
20962
17607
4247
8028
9782
6702
10013
32485
16731
950
35468
19456
5629
27650
36251
14492
39516
49528
27404
26362
22325
9127
44754
4342
28526
18890
18767
30014
47656
29976
38515
24019
29788
14440
1790
12247
43457
22369
43853
16148
26772
39367
34939
9666
32417
49623
20764
23282
33012
5596
18573
44422
44540
39149
21033
7003
12180
6835
4835
35747
12704
43292
21652
116
1400
2385
20120
4966
11860
26146
15569
3383
6429
29747
49936
13428
26823
3821
12810
6485
6918
26217
46912
49578
30215
35858
27288
8971
4821
39599
20588
33839
17511
23854
24279
30056
11394
11607
25407
6862
18293
32498
1312
23527
13469
46631
24552
36108
14068
27367
24686
33966
48214
18308
28859
9742
44916
20734
30930
8396
28717
17323
43501
5731
6354
47910
41785
4546
46221
8819
34448
23476
19619
22058
48792
33309
17340
47435
48015
32214
30920
2420
8959
33547
48175
11044
49239
41275
13608
28084
3786
11232
25708
39902
18817
42636
12095
23508
15982
25815
18163
45040
9162
12517
39771
41377
17834
41230
1184
31101
158
15832
11264
18035
37937
16882
28728
41537
10472
27211
25682
3436
12414
24790
19745
30057
38676
5756
147
39226
34646
1137
35406
3585
18897
14892
3646
2021
37619
32439
27280
37232
28459
47390
29308
15767
35576
11962
20268
13701
26248
19769
19279
27043
20057
8761
32099
32569
9691
33245
9614
9042
19311
2543
13607
25267
42199
48282
4527
23284
37220
1901
28116
11537
4180
39570
19818
45084
21341
13662
35805
20042
17673
42723
10794
49302
25449
33187
31683
8963
16497
33175
11731
31718
40065
31741
5223
6214
33065
49369
38970
33715
13937
10553
4348
19804
18304
27112
27675
47287
22276
34426
3308
34933
1746
32884
26929
926
45835
44695
11090
46043
49564
38153
49719
36181
18017
29629
11470
22665
41538
1
22455
39257
40281
40480
32666
33681
12213
17861
7622
26824
11955
29943
48352
5759
25731
20611
43211
5174
20693
34654
46464
23875
42276
35343
1584
49331
5663
39676
45688
3438
26429
44599
33383
46966
25754
10922
7587
3805
13505
21919
49643
27832
28170
46629
29959
8791
4574
22654
22801
15776
24785
14253
19367
34447
19573
5261
42787
27852
24640
41090
46952
45315
699
18811
45275
22875
31046
26946
10122
22223
25499
3823
12408
30074
41289
29962
35806
40960
13010
9951
36368
49786
22991
3937
38571
15934
14566
31701
7825
42687
13613
36095
10535
3687
36153
6073
4164
35380
12691
4914
3335
43531
46019
40289
18173
15930
48760
28059
7805
917
47566
5793
3037
49444
19438
31096
43205
5021
25398
35791
37641
20353
728
18145
5928
21248
1909
32007
49300
21447
7043
16307
36520
23186
29917
48375
28228
21979
45151
47842
15662
44451
36990
41348
21825
32101
14101
40113
43640
9694
35151
17203
7612
3742
40370
30826
39997
49933
47883
47746
1938
34072
34430
17717
25207
7879
17367
16630
47841
39839
38820
49404
46227
25652
9648
39275
7076
45894
15069
14116
15284
23466
8483
48642
36635
19995
39331
26266
16514
18042
35618
19917
11682
49872
3427
3224
20816
48529
27429
1168
27196
9805
14005
23830
5010
48373
44431
24255
43935
30243
35587
24724
5232
39449
6190
34202
21785
46362
2206
11633
1616
40171
16063
15902
42573
12933
11439
38872
19204
11516
32205
31298
25671
47549
39077
36025
11206
42588
25647
44303
13064
6403
13342
10168
10764
24299
26511
26385
35657
6038
35446
32156
3228
44554
13379
11839
47367
43804
39521
15066
26865
10554
12507
22684
38086
6885
37977
6911
29597
26391
24137
88
22543
34200
24178
7519
33662
3455
33414
38847
25904
44321
48153
14695
10489
34751
9690
37576
41476
17796
37714
7764
16152
46445
12167
3650
36822
13199
37606
43775
18768
6838
3355
27195
26701
10443
44568
30119
36325
38548
29565
39396
11921
37507
14676
18415
32273
44136
40526
37827
18712
36846
45485
33111
24870
15192
26789
24994
12765
39782
7190
48126
43754
38238
10976
25001
20796
31796
46354
42127
6524
36296
20966
19265
406
26184
27324
3612
15921
32880
30324
593
41089
9242
1711
12026
22254
9542
225
43192
39897
36329
7899
26497
2531
15335
11695
40976
44149
27108
43550
4298
24342
22205
29830
43897
24920
14480
4450
47363
7586
7218
6792
7920
6302
2235
21520
22113
20866
3175
28181
1609
24024
19441
7940
3034
19098
29083
30924
22502
28261
10679
37955
15819
36559
18833
21338
41035
22956
47876
14520
6733
19013
25991
17974
32320
7324
4289
14798
23501
38269
45827
41002
30741
36924
20049
41203
26346
37181
24278
48936
17405
21345
11850
46698
10454
24036
47503
8577
5053
46616
47166
49008
46643
10525
45389
12433
32366
8947
42994
8438
24480
30907
2771
10746
8933
17049
103
35859
48906
7936
41133
41217
33
45541
49359
4028
2441
1515
10170
5841
142
49285
32201
3726
20317
4318
29388
32294
38817
36261
9061
38663
22970
39737
20936
23471
29971
35331
15947
2575
13496
49977
36891
23825
43469
25316
40590
946
5130
46642
19980
46113
11028
32323
33594
19520
29884
15722
40341
3079
46448
49469
8309
33216
3257
27492
27493
8307
27071
40523
22532
13038
39832
2605
3059
30183
31213
30654
46893
36682
2330
3680
35646
21277
31755
835
7880
17626
42651
13289
20557
22001
3114
38256
19749
48400
17577
42860
14633
27884
10798
3985
6606
37405
3390
48928
1186
27363
26242
2274
27489
34561
9931
45902
40264
17837
28041
19116
35503
5983
40278
18403
7177
1967
30608
42590
2488
31312
44834
31311
1505
11300
7340
6451
43996
13498
21821
5345
34078
30856
44873
10262
38391
17288
14200
34856
9668
2566
13440
7571
25713
37743
7765
48626
48613
19079
2883
33561
9686
24029
48405
17131
42262
27970
18649
25059
47551
31819
39467
30681
25844
2487
113
23291
23192
19460
4805
33730
17454
49879
6364
31356
41338
6907
30268
32578
15891
26454
48434
11715
44365
33088
543
39931
40164
21034
13099
35146
14882
36634
48818
28957
5764
23809
29169
19898
49854
549
1514
5230
44765
47735
6180
22959
38935
43109
20822
36238
43765
36315
48415
43864
33222
11526
31806
42062
27707
20518
21788
12165
42670
28120
4231
5099
25532
21229
2255
2762
30116
3051
37183
14889
46792
34033
26778
37866
23135
46804
3405
25977
19740
21188
28557
17781
33650
14445
38502
12615
33701
36947
29216
44547
28119
13248
45872
4314
13092
19387
20197
17800
24657
31128
45266
2256
254
17417
14876
10832
37509
802
36059
20719
45672
36064
21828
30501
2863
31183
969
34187
15571
47540
10498
9565
24619
2429
10166
9961
39369
17844
8732
10738
30934
37695
21947
32595
44585
45695
11000
409
10138
25275
35086
31575
1683
43655
29097
3774
19932
22623
22465
11275
29131
39977
16299
27341
20342
36250
35075
41819
10617
43575
44246
24866
12293
47802
25255
33745
45431
12968
40531
23043
19303
37407
23106
25921
19225
20370
25724
20333
40537
29721
13910
33096
45982
27147
43358
10362
26235
34190
23381
26020
2462
4157
403
16559
21112
43728
4707
42455
17597
10749
15526
49098
21466
26628
38251
45689
6673
9715
351
33415
20332
13125
42478
36231
31121
13813
2760
27143
28980
1350
48484
22822
4327
28185
23180
28798
13077
48528
36455
28654
28780
8289
41384
7987
38340
7983
26899
21259
22992
18256
17680
38309
34328
44684
14967
931
38566
14084
14675
23781
22971
22296
39703
39995
19452
15802
9161
15486
35954
27624
15655
12131
23483
37686
23956
23280
48211
4596
13069
42765
28277
48707
37734
43891
46307
23637
41628
2602
24996
48511
21479
26433
27700
38601
15887
33401
43217
5712
31
37401
33819
38233
36950
4209
16637
12222
15951
30421
19770
43146
33781
28146
1491
33748
22147
34395
37387
22833
9610
31126
43386
20955
11452
46884
47190
24494
19145
44978
25428
24853
29424
14810
48929
343
16255
19502
6920
18340
10979
44803
45744
11280
13746
1792
16548
47460
36736
15983
47471
27299
41274
36774
29141
43985
45070
20869
32955
20192
8295
24405
37942
2693
49148
12795
11254
42982
33649
27986
18879
36427
26765
46218
30462
21471
4935
3815
43659
43164
29063
10796
20070
6744
6678
27438
28885
37652
3831
24425
13939
14888
8538
2964
40036
49926
2652
13568
13232
38799
5041
30918
27891
40518
2882
45654
42230
21625
2580
25595
35258
32291
44174
30118
33078
20806
27926
34827
33953
11150
6281
43483
30674
49590
6464
45686
42313
45555
33826
15117
47785
21102
27964
32198
36458
10519
12100
40966
2332
6488
2406
44566
16258
33196
23012
34246
37696
8273
16791
15759
42559
9515
18143
45190
39874
13573
37473
9069
46232
32070
25786
9411
4741
25883
7977
25288
30635
24431
48304
19371
3120
13544
33247
17553
34443
13300
45180
37798
49539
28551
19533
3743
19689
42560
33604
5650
9757
23921
11238
20135
22918
14073
8305
1960
6035
37881
10654
16303
6378
5519
15501
45071
19107
8528
19144
9335
1610
2931
29944
36698
47016
7687
15262
19199
38514
41140
9986
3024
23100
6177
4661
13026
4470
31158
5522
46356
46206
36683
23797
47821
18605
19125
29922
43407
20930
2352
34727
19943
23791
3369
11785
9797
47618
29487
27379
16368
32524
45059
48032
37263
8521
32396
5931
5583
42216
48917
38401
6421
8702
22944
15162
33023
45677
34275
5237
22024
13823
46910
27760
34817
10419
34073
6339
11388
11169
808
23467
9562
36651
7062
46194
964
6350
41264
48502
6450
29612
2204
21187
12521
20435
45291
47040
33712
4541
19953
43641
42796
25898
1613
47624
7312
7533
27888
46430
38906
36442
47106
2222
36366
45244
36976
8132
39916
11332
47488
36287
33433
19616
38188
44125
46174
7799
37363
43059
38169
38581
34006
12920
36888
48234
23361
9402
44696
23210
27649
21778
8076
36343
7300
19627
30153
40790
33146
15734
38579
44336
8339
9038
45922
24417
12141
43382
6370
27544
9633
25976
48820
41659
10111
31649
11700
3984
3109
6039
7595
36671
38484
21177
30191
20503
41343
55
30367
21765
28886
44267
49429
1494
49902
23172
46297
33063
25963
7656
15540
25122
27023
18592
15294
4178
46506
21572
23779
43925
30755
43534
5322
20854
26144
42151
37071
42022
14912
41594
14125
32040
48310
20113
44518
12112
47174
25016
10117
41889
1112
26397
29286
42758
14255
19574
32026
48355
29533
48188
36808
39879
47944
18642
17689
32088
15593
44446
31600
41063
495
14714
29841
27758
42903
44954
28002
49944
33740
26881
36938
26039
33342
35988
15399
4334
9679
39058
8867
8789
44544
5693
21989
26619
38735
46101
40814
8493
672
37458
21413
38659
21538
5824
53
18557
11920
1640
29855
37000
12159
15311
26667
13804
1354
21236
43013
49205
27646
2705
5615
21080
9149
23030
4665
26608
26283
23894
7173
41249
40516
32518
31799
27256
9471
24710
11896
4417
45811
15306
38278
8423
26274
33782
46369
11704
7715
31779
16089
12303
28161
11883
35968
14838
33371
1827
12193
7950
27331
37410
17979
43274
39824
160
1379
13209
2436
42802
49351
48618
6925
38304
27420
49243
6430
12278
3095
36978
23391
1912
46339
41271
38050
14537
45187
6984
35157
18437
22902
20356
36175
22658
45524
2345
6285
34533
25143
10588
12096
24676
19486
29809
38162
8004
11983
43974
34630
43626
41361
10179
27344
688
37505
13929
36504
45801
13778
3677
8767
1367
16292
37136
43988
21387
1795
1731
2238
20245
48916
35727
34824
43838
36876
41987
13682
14000
21720
46414
35688
49805
21558
25660
14151
10609
14231
27614
22516
44375
48407
21799
35222
15726
20610
27135
4273
41909
9413
39914
9230
20724
19499
37418
38877
2962
10309
37456
42942
48059
9303
38257
13144
26081
34878
44294
44673
39284
23886
33744
41464
32340
24739
34588
13490
9758
8228
22627
9557
22998
3096
3992
45820
36764
28837
14072
35474
34656
9247
49607
28357
14758
49973
7538
39486
47182
9364
45723
15304
19926
36573
42301
31265
16394
4005
4678
31722
14597
21894
27780
36668
20235
26978
37204
20561
19737
31422
12059
44644
37870
5671
18760
22540
9998
42302
14341
9584
4237
48723
2567
19810
29095
16905
38691
49237
44602
8041
32351
15342
5277
3989
41439
24343
18778
47467
35676
42656
24989
13321
11378
30882
13560
24466
31522
45759
42113
22278
5669
13298
34781
26101
13522
26332
42868
26390
8155
26517
41849
38937
47093
11215
7383
1266
44045
14309
32459
32952
35854
9790
41967
45371
39519
5109
20730
42907
22055
24802
38296
32380
35087
7653
38030
10564
29195
8342
11840
17640
24549
15681
32247
19248
40777
18926
41878
44575
2382
44023
17279
47719
48720
20054
15437
12647
11190
23089
24377
14502
15104
39292
16092
38755
49783
14549
16855
33456
36705
49863
5404
15492
42161
46486
48102
29616
18658
45905
10352
6917
10161
2279
4097
5257
7445
28010
2585
3556
12361
22352
4123
21202
6274
7176
1373
41879
31627
24701
10260
23609
22067
19307
41467
9611
47535
17695
48604
32617
24234
5801
27240
36679
5030
19138
17309
8033
15139
20449
25566
16756
21016
31775
27480
46150
23050
23705
28248
3166
49690
340
8977
13650
34167
1220
34959
16233
12549
41855
39799
22539
19550
21438
2286
35979
28112
8837
49687
13810
43898
49997
16416
34603
42253
22818
6321
39320
32634
44466
17542
43173
49086
42402
18792
31790
22900
20649
12650
9989
38091
13467
20586
34178
42221
9810
18428
40397
33233
33617
1593
7100
21469
8100
11124
30538
48269
22955
20177
23511
11163
3761
28225
38274
20424
1518
21118
41669
23084
16988
32445
36143
48288
2078
11402
10406
34032
45965
34121
19185
5668
46042
48338
1114
30814
26593
43044
13822
18048
48389
22708
47756
49891
26750
22885
45673
45015
47021
29794
43779
26615
26897
43331
57
43240
17999
21417
659
45840
2796
45711
41614
8743
28018
41006
45745
5861
23651
31268
12275
13943
33037
31004
9997
40219
30043
29783
40210
230
41791
18056
3865
27586
1188
49473
25746
25361
30560
7059
25331
29869
37588
3583
23813
45296
25295
18480
29412
33044
33419
44379
44721
20211
27630
12597
6233
28755
5987
43609
24002
45839
30539
35373
12809
16223
25114
11931
29223
30553
19813
28826
13063
20183
16837
27787
16962
21872
31532
31377
45048
35288
45592
45188
11256
18499
27541
20722
40046
48485
27850
49275
32197
9687
13905
47703
27611
40508
8490
12176
1421
46588
24217
12347
2881
6297
16966
47652
41463
33186
13311
10380
20373
28643
25866
2804
10642
30647
44589
14949
6064
9853
2610
22503
19590
19641
37532
23579
19048
33611
26477
45170
20165
43995
11703
41981
11584
42025
8735
7342
39382
49831
41263
10176
31956
47484
12944
24806
10786
9384
29706
20782
14546
30829
35917
17862
8874
35565
35845
24039
42075
32479
26444
40080
35809
31579
35167
9820
40162
49307
40413
16973
31764
101
17988
18433
9535
11213
12424
24654
26636
18737
26822
38700
46681
26297
35402
11270
9777
24625
29744
22643
12746
24695
41443
17056
9414
42009
17671
17437
801
3306
47066
48596
41748
12894
3006
35525
41505
46647
30954
43863
22394
785
23868
46366
24038
45741
5125
24297
21346
42525
21408
4551
39729
22203
11305
27862
39699
23427
44077
10958
9523
5159
4673
6387
30749
7912
43147
30921
24312
27629
24284
5447
11014
16634
1132
40348
47470
23627
26409
38446
46213
37786
4924
15945
17061
25280
49156
23436
2076
5144
41155
12551
2830
23541
37298
19570
40015
11472
3133
23208
12367
28278
22009
23786
21476
42977
21577
29868
41468
27165
45977
27313
4038
8313
10893
43959
15270
47199
29918
13996
43524
27777
16930
40956
31507
13317
31812
44363
39785
34227
32871
29415
21875
37027
29639
17172
33808
44243
28983
4014
33188
29592
41885
49949
37179
28370
8323
12044
5287
44739
10806
12719
27055
41172
30428
27508
11307
39454
30799
46826
29319
13286
1733
22740
19142
16264
20720
621
19511
13408
48841
14249
37962
48426
15524
43934
32042
18963
34753
37079
8513
8695
9285
395
1299
14994
40005
29339
22255
35121
18800
3887
41571
36333
46770
32381
33754
30003
15903
8958
1615
2444
2180
18282
39159
15363
32799
47867
33967
16113
1178
19097
38237
34542
9050
29496
40554
33537
32904
46519
13839
4385
26419
8338
25437
47924
22403
24138
19650
856
18015
8598
15696
34128
24247
34076
45704
45787
21397
2400
2629
39099
3941
49701
14128
37603
20013
35883
6188
7019
20456
47242
17546
31948
9146
44558
10711
14824
1557
11823
9273
48308
37278
23133
14430
26693
803
47280
8231
11927
47582
28542
36809
30928
13884
13012
24290
45016
34109
30218
29469
7442
13389
1439
12314
27979
37368
32058
39744
43735
32463
15631
24827
22149
674
30906
27894
47405
17554
21222
19002
17147
31709
36667
13435
38723
19773
9588
45156
13671
5361
38797
4528
16595
11370
21256
27087
34040
13694
17573
27085
2306
40942
49892
18234
38602
49724
11287
48312
31325
22997
24956
44804
26423
10756
25469
10510
17480
13027
14441
15155
14027
15026
36771
22112
23708
44968
24250
6371
24635
25481
26416
16963
47852
28317
22646
24975
4731
35904
14914
41535
18539
20949
1905
6603
43006
34329
27613
1952
46788
45506
12188
12192
13188
48353
43581
10136
44329
40096
13772
25974
47172
25022
13557
20161
13962
42139
28086
43532
45135
22162
31526
35963
3928
18249
22746
24465
21149
16600
35105
16155
34973
43506
4192
8069
27228
48735
35851
43509
36596
45160
39530
9566
38674
20239
37540
15684
46255
39197
29768
34571
24678
24751
18235
11321
12601
34572
28735
17579
7475
15225
10039
23767
40901
6915
33641
45427
37442
30878
48863
37
49787
23164
12276
2802
22986
30908
49766
3521
41479
44552
10858
3048
42956
40753
31146
31322
13436
14951
12996
15746
43688
48029
43343
20676
12523
24116
9341
4582
39373
49718
43050
7367
405
9415
255
45533
9864
48463
31998
42046
13419
6664
39963
17954
27757
5488
24731
14886
1415
22733
1913
47752
13657
21477
34420
27151
42507
24177
26077
3422
1026
23403
34110
29046
34454
14210
12560
42888
49505
15349
32174
13070
37656
10868
43831
44767
49597
45878
18493
13307
33402
44918
4792
37674
29007
14868
39495
20709
27011
46931
37177
48739
28631
42352
36820
38598
18284
40017
7001
31083
13427
4773
8191
31947
43229
4586
711
16430
29371
31669
17604
29315
21937
4567
17914
9380
34558
41527
39563
32492
37313
17277
49257
19833
12412
48166
24280
31238
25830
14506
7259
41836
26413
33920
10417
39774
22175
40906
28322
26655
25636
46975
31301
36482
44000
44239
11243
15721
40068
38216
9950
18850
7650
7834
23434
35768
4280
20162
32922
47168
15359
38380
32943
37265
38974
18961
39032
49187
13207
24930
49073
45064
6666
30912
8491
23548
6843
43381
23958
6243
35395
33238
22361
997
48394
30300
47001
428
1802
45441
38431
27320
40079
42263
6280
16161
9219
24533
47419
5845
1465
22694
11466
4308
10277
48457
8779
6833
8704
32385
3161
37825
39800
14563
13779
13549
43081
43052
39629
4094
44199
13143
23530
28858
10055
28890
34285
34368
22513
49669
26802
11176
10559
15624
26672
22495
7097
29146
37897
20224
44613
32932
42785
10854
38497
14635
22320
2053
4211
34479
31540
34896
36422
42291
44081
13627
42552
43771
22713
7563
33312
15679
232
40647
23603
36971
41454
38740
32263
35943
34828
28904
24354
5295
24286
42811
29401
29574
27126
43557
14060
14052
38387
17396
3945
33743
8934
32085
345
30764
31824
23345
3302
23334
11957
47345
18831
27084
10031
10701
12511
37376
31209
25338
49808
8703
16542
17161
12493
46744
15178
27518
33675
30748
24356
7669
21385
36844
21461
47564
19803
10321
47573
15971
39427
21176
35457
30228
30463
48716
9138
8472
25920
16857
36750
32909
28080
10570
21498
38805
30388
42444
34442
32818
1097
5884
20783
43441
35012
23648
47570
8570
12775
885
201
41327
43055
31552
38044
45311
32775
38026
45426
6813
4480
21893
2544
6489
36788
37512
41004
42140
43716
27883
32493
16655
16715
9596
4710
30415
36184
5213
37707
44405
12254
10487
16263
41032
12425
19634
40468
47079
12949
27154
26396
43162
20810
42791
48682
14787
42146
22919
6706
40324
3027
16530
30263
36326
1926
37153
18554
25836
8208
39404
39940
2492
19472
30139
46285
26241
23701
38948
27306
49392
22798
26801
14201
33376
25112
33033
22038
40895
5093
30580
35354
39037
6241
5219
29668
742
6428
8375
15048
11508
61
48532
39340
30638
39867
47241
42823
20765
49207
40680
6161
31936
35412
46321
18297
22605
34671
37018
8421
20154
7712
5
14362
14518
25373
26360
16802
3757
282
49022
48496
15051
42340
47262
45241
47017
42904
4136
14999
1681
26065
39264
19936
35515
29702
46225
5263
13843
44835
12762
32984
5434
27545
11518
25528
33482
6927
47380
21730
5856
9457
13611
8216
10590
6887
28250
2886
32363
25100
38342
39631
1639
12871
6811
23354
48178
13279
34744
21423
37543
23195
40059
5714
22264
33094
27625
19857
37811
35874
19416
40693
38457
29230
49059
12805
38173
30782
17788
19865
3419
38957
9696
30803
39118
2832
30376
36684
4226
18544
19801
5481
41100
28921
42437
20584
16194
5676
28861
19665
44526
30911
3934
7823
38869
24008
31387
36606
6097
38152
34120
21116
23917
18140
34540
2170
16163
10421
19765
29653
15592
34258
44993
48317
29522
2656
5719
22241
48173
38333
15782
7637
4631
41489
16956
2456
30103
6612
30156
19873
32250
17510
22957
7014
10025
5665
7975
25819
6725
30008
34951
49133
47574
41860
5121
25271
34209
29153
23413
48359
34189
2365
48789
37197
11963
21599
39269
4309
21958
1476
43976
19684
38590
5294
42947
35037
46915
35028
13495
23836
46733
31569
47243
32580
24725
24197
19539
37819
15919
7288
42164
36535
37831
24572
54
30420
9833
34555
7356
49850
20818
33201
22951
12106
12846
8137
9507
11504
30202
8439
45393
29125
28708
21868
37682
43815
14025
29118
7723
29912
18644
979
18396
2185
33510
31113
48087
42557
13368
35708
34075
47237
21019
6016
6810
37835
22697
21728
19073
36017
477
43478
41193
38317
13736
24535
7841
47529
1326
947
5590
19471
48748
44525
580
29987
39457
16878
28770
44071
40522
31395
27394
3139
12083
4573
21838
36549
3586
12238
11681
25477
7860
40075
21528
33544
2192
4379
18859
5584
162
23524
8436
30429
46261
48279
43346
1196
45067
39905
1158
49586
28098
43500
18434
22873
6777
32802
32375
40660
5056
1484
7408
3537
10075
13711
45529
7675
27430
10762
2933
20247
45645
20912
25931
41261
32930
49318
40101
22596
5742
48388
14638
26518
17167
33849
8388
37747
12024
2375
5150
43439
46570
5033
12804
20447
45920
31593
14786
41105
24778
16001
18075
44881
43528
10239
21448
28434
3165
5103
10234
1537
42833
2299
21836
14196
18979
32127
15560
26943
16744
20074
29172
24517
37021
48974
3484
47958
43098
19632
27634
47053
49812
44945
3433
17219
36067
38501
29471
36614
28121
2052
19859
5537
48853
25357
41379
6130
20945
42991
13833
48228
15879
11367
39006
39488
43926
34776
42913
12753
34138
6858
40672
10492
40138
26240
11125
5950
6860
31464
40469
44468
2168
27139
3915
22085
14348
47833
5490
35327
22187
22227
27194
27969
26964
34166
12164
16286
6993
22315
29103
32827
15534
34456
18005
35817
8788
11433
21683
47349
35810
40880
6465
26129
41734
44806
36837
21783
15667
11048
34638
2666
25630
21168
30411
166
3567
9801
28676
39417
45968
5894
27390
27754
749
25426
46205
20282
36592
4179
41213
373
2461
32189
25379
16467
14858
12127
45147
14324
35872
38902
6074
32280
9002
32557
35175
29980
46947
32565
1617
34159
47727
8539
35919
3116
27575
36706
45258
32390
34724
21559
18599
12123
30546
40638
12902
17792
44002
4394
23602
21960
16173
18028
39763
33620
21648
42695
22185
20703
46268
393
21659
16550
176
36641
42508
39724
10892
38071
48675
33004
16951
48117
25813
3885
31598
38641
9441
36853
46718
7579
25755
19858
7505
35669
34261
10169
42065
1547
15799
2394
31954
27199
33531
16369
32090
25133
43919
33550
16940
45687
37301
13845
14894
27921
44920
1548
49510
49699
25729
35837
32087
14361
36317
15042
36305
47249
12030
34380
10186
19014
42071
14672
37305
18870
44906
10512
96
34843
20018
46625
24671
4129
42829
951
45301
36450
33447
18733
21985
6938
42295
22472
11872
12409
32109
8520
19310
19667
11517
32860
11630
19046
29175
28966
32694
30379
47328
27175
29154
12173
45616
12006
9578
31612
38363
40415
14205
39946
5229
28436
31848
37149
3971
33301
18479
4557
10821
17039
21306
22486
5572
24478
19569
9103
3004
19897
12157
12531
26652
29476
1866
49749
3296
31757
2615
16536
29240
47212
24447
9237
38744
7347
18560
27601
30589
16742
20753
1596
620
7597
14879
20752
3593
36039
12460
2541
45765
506
3943
34365
29086
3465
36084
36746
19084
39177
48662
23078
31122
14679
21303
11457
40885
34502
34835
17772
21594
28725
8049
18020
28325
18561
9141
490
22817
3045
35498
38036
49946
43514
34735
5494
15281
26317
21404
26380
42475
28244
2837
26941
38124
28032
24009
24873
39639
37534
28191
35072
25905
10385
49
6527
34716
23645
10090
30383
24797
19454
6548
48438
10824
30031
29619
38480
8673
25638
34633
23546
35863
8138
35871
26405
36687
45381
3085
21539
9031
4137
29092
49999
7214
40479
10088
47684
10583
9417
26607
10367
23759
37246
25718
26737
1768
44394
43252
40778
41607
8757
31310
48539
18085
33436
30194
19127
41663
8764
17876
43598
34250
25654
307
14541
17676
15559
47513
23895
25850
29873
37365
1292
13698
25439
26598
12672
48293
48075
15690
8994
12295
32898
29323
18228
38838
44751
25992
41554
8785
220
28968
45013
22950
19985
14740
40977
34270
19033
6507
29546
20149
26546
45710
43741
41979
28903
26404
44469
32867
27352
1268
41705
17223
24665
16370
22952
597
15204
39010
44440
565
5933
32893
13653
39203
7795
15484
15756
8820
43505
36036
46883
7453
35765
20440
364
36081
30913
24591
33667
41648
44026
31138
34017
48584
18211
38923
20187
3376
18889
45666
35861
14652
18832
43428
6890
28024
30616
11521
8431
31370
13473
27417
37453
20105
8574
44270
30644
22793
34107
3519
1987
20094
27130
10719
3727
19546
25739
5075
39288
18739
26113
21983
35058
45196
45702
30609
12393
1638
24468
21072
31368
31843
45749
47442
12178
1233
21529
2084
34768
22242
1541
31829
1203
29270
4668
33292
3768
40985
13037
49652
37399
47512
49034
20845
42332
26837
49258
28403
11711
20301
39620
36921
46108
31728
25973
34911
19763
45295
27346
9430
47457
26483
44956
27834
23507
45085
48516
8581
9849
26400
23217
20119
34423
34820
1074
43021
39721
30363
49982
16585
18534
29433
32829
43548
40358
28907
31294
27318
1791
47771
11198
11535
2107
26267
31484
17483
31702
11748
4307
17371
10351
9877
7801
5531
4277
47404
43696
14946
9670
12288
26951
44565
46623
24864
16631
49196
14600
3326
8117
4322
28301
35699
49401
16133
5471
27403
5051
29985
6967
29659
11915
37926
22672
40737
18476
23380
5495
9324
22750
20324
42554
9251
35228
44448
9016
19796
10174
19092
21811
1304
38588
36516
306
4358
26935
25349
547
47986
34103
18066
22656
37073
13404
33685
3999
37199
44670
32024
25700
45408
6521
890
3551
4735
43636
19979
36519
4360
8560
661
37479
21946
42751
9254
18578
29106
11065
27512
17078
49874
49846
48950
38281
46171
6854
17248
38878
45377
36612
19677
34752
43145
38968
18964
31382
41586
7315
879
6940
37422
6680
15720
46118
22148
28974
39670
48262
24428
44793
42480
49733
4092
8556
21228
40083
34039
47050
42909
37624
25979
40488
45693
19427
16252
48972
16189
41699
20264
43669
45609
24202
19189
49001
36033
24567
48648
28267
39769
34139
17548
15503
5786
40393
32083
11794
39637
25580
14557
5186
9261
37081
31235
37439
42969
49645
2979
35868
209
44598
1895
23882
677
21066
17893
25950
2230
20462
6402
288
1448
28549
27376
974
1079
39710
3380
4252
34100
45060
38883
38421
49050
12757
15415
41359
43632
9234
2304
17634
26717
3798
15752
6826
27817
39520
48152
38465
32411
28151
32989
26574
1290
39087
45340
21327
35042
23929
11612
48643
15181
89
42841
30794
34804
45712
39334
34692
33110
42047
3739
29667
22106
44034
36794
9812
6946
25834
21560
33762
22386
24780
27303
18828
16139
38630
37912
5633
37625
28744
48096
16128
49806
1932
2098
27812
44490
34377
15037
5927
14893
19285
12705
12309
27278
10112
4163
7869
42477
36935
29174
29059
7536
21360
31953
5722
28509
25463
20267
26710
25959
5717
31854
9197
19282
22862
39415
45392
30282
14342
23747
38580
27905
43552
75
38282
41861
30694
40425
29835
14499
23424
39818
9346
2203
40710
28139
12301
26989
20567
31009
40876
8046
44779
14828
572
22448
11754
29805
47779
45984
32512
48574
30384
5761
3559
20242
40233
35884
27439
6142
44244
247
564
39238
41056
33118
20039
23789
28313
16428
34173
21004
4983
4103
14815
5052
31114
47711
8426
15153
28235
938
466
4991
24173
25675
16007
24736
13860
30256
11296
40290
371
33181
4041
30296
32639
15442
41497
31341
30096
49210
29485
46332
41195
39377
49621
46245
27644
18545
34002
11862
35758
21629
11946
38371
23504
33008
28075
18261
39027
10444
4317
2557
32131
31895
47198
31451
8784
34705
36591
4418
21150
28372
28362
45078
9932
35568
49913
26197
1721
44078
5770
5803
31560
23300
30399
23805
16745
2060
14179
9224
23104
46940
13005
18052
24810
16507
19992
38483
2829
14476
33316
24289
35208
6583
396
39481
27362
45497
28598
28100
9489
12881
2343
29009
43459
7770
22777
8527
16023
6270
21721
25165
12721
31944
30885
32144
26870
48896
34335
1013
18265
36898
40082
20950
9168
29070
39719
46427
22153
8667
38298
37947
16353
42674
36015
21282
15097
30157
23624
723
32646
41976
28349
5816
39348
18848
9480
39054
38032
16668
30565
14959
6120
33250
35330
11239
38545
16543
28804
40562
18320
646
14631
33674
45112
7286
13710
12479
46179
8857
15814
34734
29819
46748
48354
25949
6701
16332
33732
30840
33483
37476
12132
7024
16853
20926
43715
6282
36929
8063
29192
4404
25852
608
21390
47906
27018
36146
10725
20766
37602
26182
43333
40861
29901
32853
29156
33739
35259
24551
24514
14311
40141
38771
13410
14345
42246
7783
23107
7914
17179
2431
42643
64
46866
23311
46664
20114
6163
7832
11594
25066
39891
26012
5217
25433
47870
72
49769
49990
14061
49930
15203
17117
2214
42458
1893
36480
13324
31237
31890
40355
21088
43904
23684
26937
35838
24389
1575
25685
16480
46678
38268
12836
18190
16151
17168
17263
41120
44153
44350
24119
33990
8734
48009
39208
7888
7145
37306
8861
25046
4958
40156
33597
13029
41363
20142
23120
35248
132
3525
21081
20160
37333
21381
15267
26338
37969
13988
22475
23790
27693
31253
3868
25010
26432
8451
11865
14426
18625
35725
39743
25167
6231
27942
29257
18542
48408
5038
48367
49559
14411
18937
32591
24872
10474
280
38350
18000
8257
32467
5880
5336
17694
49972
15533
38170
43961
31678
7558
11144
42661
16462
7605
41872
35907
22130
46073
45442
10720
49998
21497
4311
9766
23442
29202
37665
3689
33589
19148
41417
36046
44498
21756
21024
7654
34968
16254
19216
40964
37639
39430
26720
29171
12028
7959
46706
18303
44492
6988
19348
48824
4973
4359
4431
1009
36563
34348
28183
20843
7473
30026
48196
40244
27311
9783
32259
48350
15465
33528
22805
23297
17479
12979
41233
14063
44372
7456
32692
19115
9550
33025
5683
32267
40507
40639
12117
41231
34402
8207
966
7971
1907
6711
38793
4052
4332
33865
17647
32951
6375
10440
46593
35797
31535
6168
29891
28567
23263
43314
40547
38000
49125
16505
18123
3000
10985
25063
23439
33397
20133
13019
43749
19382
40665
46544
47452
1918
38738
16238
13922
41592
6591
43502
48903
49087
27848
38516
12659
34131
33000
25405
46772
18192
13955
12107
20874
38972
29602
27856
44126
7486
29477
35263
23151
48246
10130
42149
36982
31780
12067
45316
30270
12337
3131
17912
9500
9807
26829
2504
12441
10400
6683
47392
30269
8220
1734
31135
24464
26809
36154
24027
5453
41995
37761
20055
25300
25003
29992
41640
30569
22191
1359
11620
32418
8593
10558
13645
39656
30161
49136
34157
3445
42073
29925
20694
14717
29697
21025
4370
30198
1007
30620
35494
1706
41936
24627
33440
39097
45467
23248
5063
21768
32295
24570
20085
37452
28352
9049
29911
21942
146
844
12982
32510
24684
27522
25577
22584
32285
48681
35143
41623
28311
14396
41422
38770
33341
3944
6660
20095
45946
457
40852
9608
360
11432
24688
46921
33879
7760
4722
19213
4416
12306
31251
11063
3575
31098
2155
18175
32063
12958
4609
23934
47632
15625
18254
16118
45981
39815
1493
6314
37839
6137
8238
49179
8066
20723
30468
43002
25024
39057
9802
8480
43811
24804
6150
32659
39568
33595
10723
20506
42592
38858
27802
15131
28381
33308
20532
48508
18564
7074
34181
41934
44861
22194
27200
26662
24184
24762
22115
24011
44794
16248
27287
33658
2101
42205
7710
38642
49856
45867
46376
49463
24923
16305
11571
1702
40599
49403
27767
10637
2594
16710
31448
49355
19971
33197
1516
42228
7061
32815
10330
16244
23216
4393
28063
833
40322
20132
6019
37155
27525
31458
23440
40654
36623
37614
41606
14649
14933
20307
42700
43605
17617
10018
45405
46928
11242
40257
46212
44943
40915
23203
2029
36383
10213
47664
6578
8536
24064
34567
32067
3891
5550
44591
26005
36090
46193
23798
2913
7471
2072
16100
27607
41362
31201
16664
35833
15703
22351
3242
24693
39696
35038
36686
5959
11435
33950
29932
35866
40658
1159
13457
1389
8405
21886
13795
3900
37535
36157
40656
46343
18703
14170
46919
4774
20033
49899
5998
46419
21612
840
47894
34780
43818
35779
32446
14498
11009
19149
10287
617
23866
38574
28563
6362
33077
40081
34326
46654
14607
8870
1011
6682
47992
7375
23470
13493
32505
6738
4785
25014
25929
6681
21353
31092
14412
32339
16937
15477
44027
17991
46689
14016
8410
452
30455
43629
40803
39666
46344
31847
9750
41676
17363
38979
34570
705
42761
44824
29068
11615
9765
24911
8563
23780
29551
37158
29724
2872
27357
20851
99
1904
48167
43848
8197
38527
31887
22433
31207
10050
30785
24518
49208
3439
21527
17632
41484
27523
4012
22346
16328
35182
18818
38414
48851
47915
16214
45400
31170
17122
26191
10331
2683
36777
34082
13225
7089
18922
5828
45100
5798
39622
26536
27686
24946
11936
6985
330
41458
4202
38654
24179
3901
22474
15041
10600
7096
27218
46511
6005
4435
5050
26622
19272
16909
41741
3947
2283
10722
1106
37698
25763
31099
33491
10215
32022
6127
15636
19734
594
40619
22089
7126
32062
35701
44279
22125
16169
26094
46527
28167
4381
16999
5423
33498
38379
40594
37344
8540
13615
6331
40195
36389
24083
9087
35013
29327
13704
4689
21934
11177
32628
41912
34079
40786
37801
37544
45760
10990
18776
41453
39401
4274
49676
5984
27342
39542
48639
188
46832
4296
40684
43776
43584
22297
40298
6325
11227
49743
15077
44289
14228
9018
36055
33985
9437
26411
24258
20136
22575
387
19406
30950
37878
48619
48515
35760
40917
8566
10404
16387
18378
34589
18927
41148
42673
9381
42805
20737
21166
30114
3527
42137
11678
5115
49476
40170
43826
48179
3623
2810
34758
23462
3666
5414
3
4457
42967
9936
37586
29198
35089
7332
8542
48222
39619
37289
3230
39001
42141
40104
45313
18692
49138
45198
13785
47224
24883
22383
37735
40071
40867
2905
14295
47895
28413
16049
49716
13994
24722
6081
34371
15988
40064
4421
39735
6175
41645
4373
33560
9250
46458
47585
11562
23542
9620
43739
12021
39793
35557
6145
45124
34289
36867
19594
48203
8627
2061
43461
24850
18454
10145
16806
38616
29699
37083
7251
17253
15454
1968
6654
14885
6072
39584
18745
42136
12510
11683
21392
1744
41157
39533
15098
20671
8177
3964
16638
6566
29536
6790
12542
19
32711
48291
12712
15797
7992
47804
35743
22727
21152
29000
36106
35430
7943
25579
19709
18436
33734
16981
41763
32776
2250
39590
18880
45235
22674
37300
13896
10717
32837
2975
30287
41262
46880
21609
14486
12154
35694
44699
42704
44729
44680
31453
38265
19180
9762
10641
28402
41854
34026
24882
10910
18273
6276
31216
19236
29475
11360
2102
20349
39601
11690
9317
24493
49520
21252
11782
41850
38900
12824
