103
105
226
493
809
991
1103
1186
1326
1421
1705
2568
3009
3400
3526
3922
4629
4665
4805
4842
5014
5494
5731
6769
6890
7529
7707
8127
8622
8740
9402
10112
11029
11350
12261
12308
12476
12493
12643
12739
12814
12996
13077
13174
13410
13484
13563
13774
13778
14468
14514
14897
15535
15740
16012
16017
16579
16973
17002
17309
17371
17548
17635
17792
18178
18378
18937
19270
19500
19533
20127
20368
20376
20518
20888
21461
21558
21612
21989
22394
23100
23195
23232
23317
23391
23616
23897
24217
24923
24949
25100
26201
26598
26655
26763
27260
27447
27668
27687
28018
28374
28474
28543
28837
28882
29044
29058
29429
29889
29922
30276
30615
30630
30943
31122
31604
31679
31718
31741
32156
32408
33198
33321
33781
33782
34081
34401
34406
35508
35820
35928
36455
36679
36746
37136
37353
37630
38327
38438
38751
38778
39118
39363
39369
39451
39735
39799
39902
40052
40290
40504
40564
41004
41011
41091
41110
41275
41554
41586
41588
41808
41895
42047
42124
42135
42179
42181
42221
42392
42458
42658
42704
42753
42841
42913
43042
43516
43521
43641
43646
44171
44210
44411
44436
45084
45199
45268
45332
45801
46070
46476
46718
46789
46826
47016
47588
47660
47903
48021
48033
48055
48308
48375
48405
48898
49723
49820
49872
49875
49977
