28285
41078
49094
27424
3231
21418
18810
23675
27329
19679
23716
14226
39899
3030
15339
29380
33305
41729
47041
5911
9603
11954
24474
4230
14689
21134
25846
28454
29704
26631
10204
41966
34381
17338
1075
48869
2811
47320
45953
41030
22108
49804
12986
21645
27465
16551
23545
34052
17268
12158
13646
46663
3416
31074
36838
16415
11478
44450
14099
12640
42710
15038
14562
35465
41768
17467
24084
46872
7623
40727
40984
40052
22550
21715
25842
45263
19245
29853
31089
12149
25543
27017
25874
44517
21225
36005
39138
41043
33742
40023
41811
4690
9733
33273
31556
42490
26340
28457
10548
22337
41167
48811
43929
45600
36500
30223
27731
46775
11075
24186
186
20935
20559
27437
31820
9236
25236
43516
19457
38134
44082
15537
29164
39009
3236
22168
32717
20528
17255
6160
27668
28543
10925
47228
24145
25039
33993
3716
23664
41005
1182
22925
20107
37014
3626
15255
6040
41655
7144
13755
27882
3483
19729
15351
46868
3099
22552
5468
47215
13148
21382
22332
5967
12387
46845
438
35477
9342
17208
137
31700
5259
21216
4335
47187
27702
43692
16413
47290
40927
10658
29246
28781
11828
38794
986
40972
42997
9281
14186
15710
30975
49232
29267
23477
49820
42769
48150
48568
32679
15877
4290
14215
8823
13538
32538
25482
21045
30158
29963
26733
18984
8670
2893
9992
3696
37275
7792
45418
36089
48479
4477
13290
41742
8271
17463
39860
10612
32115
12742
44682
35308
39550
34936
34343
40715
22482
29440
5169
45837
4801
16624
38187
596
3393
26384
28056
11033
9695
9769
39132
12611
47474
323
8236
21621
45900
17539
6373
28759
19884
28198
895
35579
37691
4036
31204
22479
37630
14535
33213
36245
27149
43627
22432
6085
42395
46089
9970
25434
16889
16503
7352
15487
3911
40757
33831
27871
18628
45046
25488
5919
37012
23242
29278
33713
48533
24075
30273
3565
46876
2994
39858
14321
3441
27710
28684
21679
15596
3450
29784
30551
39476
35776
12002
10123
16202
29827
16925
30724
49062
9144
4660
34435
15056
26825
44011
18931
28834
5800
4888
32521
28971
17310
45465
49041
40767
16443
16112
5059
8884
41523
48912
38985
23252
24605
45144
29488
42442
30312
3694
8415
11334
38971
25121
36666
24161
47360
7321
19380
4053
33347
28355
19846
27872
23799
35950
47650
43184
22963
39808
30846
38668
7759
37409
39489
8975
3886
35795
41920
36937
48223
13986
48491
30229
14742
35930
30171
17787
13633
32990
30272
35414
49527
21950
41918
44062
6252
6870
6286
8304
29845
40121
5362
45334
20619
44725
31430
23751
2041
49344
30526
43042
22156
17290
8727
3578
39600
45349
4353
40550
37264
28445
8696
23652
34905
9195
5234
1775
6525
15663
32882
6312
49530
43280
30343
21178
1925
12613
24144
15666
33987
22263
34060
18736
42110
46786
9655
23141
23077
38556
36842
22450
15368
41336
6264
48473
26647
22129
3979
39262
34480
14415
17798
6814
46323
42675
13945
3733
27405
40541
18580
29071
1163
7155
41766
27468
32535
22139
12885
16268
19795
30413
38958
27555
16314
6152
32771
43454
17869
39005
18621
20463
1988
24607
49489
19692
32376
40974
2356
41895
46605
304
39230
49206
33830
39970
43596
4271
22587
38618
43417
27132
24999
48305
33671
30613
41842
25798
46843
19462
7540
36631
6391
44415
2044
24949
36941
28913
9818
48831
36180
43224
28492
10470
5324
35969
2122
526
30695
20769
7015
7643
25553
13895
2124
49779
39836
49751
3859
25435
34549
37172
32757
44650
48458
39105
8578
31666
14807
14625
8475
9396
40605
10024
34546
40708
2999
11497
27752
32106
45943
16916
48812
17682
3840
45398
8012
48416
11109
32854
5212
42040
32911
40450
24365
17901
16993
33809
30111
45347
26910
15483
27166
22509
10063
6453
43828
2898
40739
46581
30069
48772
28435
47033
40292
18161
22308
43540
35454
45691
28499
16075
11687
22068
32508
9074
47364
25915
29924
20339
24114
17416
10633
12800
11427
1322
35496
23717
13172
42819
30344
5028
39960
33099
48854
38589
17644
49634
13675
4934
36058
11590
7635
23036
47233
49169
45268
17839
18314
43117
30649
44392
39865
33532
44099
30717
42797
13078
12950
47865
1086
7980
34352
45330
40731
19950
41710
27177
27273
22899
42261
11223
44008
35046
9118
23468
28005
19353
2703
49421
43570
41023
14424
39075
47453
33013
43178
5477
25926
48315
38351
27823
30688
38148
28555
27184
16586
20012
29176
49110
8553
49663
29657
7895
25478
13976
46162
33798
40591
19828
12981
27399
29552
39291
32500
27239
34932
33022
30377
49362
28179
37078
23047
2227
28067
8327
22903
929
2016
48340
24746
45899
36395
19977
39051
4242
29413
46850
8110
11567
12174
2996
49382
17909
29588
10236
31845
34965
11035
39327
32239
47067
14776
28713
16106
48830
1685
31102
15828
296
18426
36656
15151
17126
12522
47244
13129
39679
12487
14472
21321
15199
32319
27073
43593
421
34320
46585
13299
41357
13489
49458
34278
21281
44253
20539
28724
20509
37039
12156
39813
41382
34425
15410
39387
33302
48856
43294
8190
24717
26557
29679
14142
24129
22738
3042
102
49993
29627
44030
43499
39290
47671
49705
4943
42678
3290
6101
7576
11304
12084
34064
498
14857
9949
2805
12302
36324
35
39504
11563
8565
46695
21328
40655
42992
30078
27600
17099
19076
27953
3852
21402
7530
720
12859
18257
975
23394
31577
10777
31061
22145
33519
35517
11076
7556
8875
34063
36713
27334
3076
45517
45619
45259
26055
22379
12121
12664
11942
352
3184
40678
15272
20677
42655
48709
28803
2520
37605
46741
5807
2976
3140
46502
46450
9447
4218
38885
28733
22889
34077
30899
36187
36967
3309
39965
42498
6119
827
28558
22884
19065
8885
3922
24510
26911
37996
6409
41818
13217
42208
24943
45639
28699
4640
2043
17153
42770
32461
27716
22836
29759
18851
35482
13712
39008
30061
40664
25423
46526
24569
25125
10552
49030
45132
27450
26592
4649
8802
17316
10706
31291
39089
3889
10992
1599
5429
35104
29069
17815
27749
24520
28271
32095
27552
21082
15725
27923
33296
28332
30327
8227
45014
10908
40474
46110
16611
14114
31822
2470
4655
5684
47546
42468
48326
38151
20811
16552
10224
26002
10083
37782
4380
13127
2797
38969
19053
44643
11179
48224
42486
30020
11791
13470
7735
4750
25493
22529
31143
3025
3179
6644
735
28260
26327
2205
32265
3849
19043
38455
15273
38843
6749
28564
48088
28189
7772
48300
31454
44463
14601
16587
12536
22947
14555
43992
47891
33442
45339
43549
46328
35816
32094
10092
26104
12331
7336
31167
7308
35962
5776
13090
36994
20686
2315
35421
30627
43247
36430
12684
26103
38092
42260
17471
12368
17001
9543
46564
26649
3652
34080
10207
25286
39294
5551
29466
31771
5627
35420
31230
22977
13770
481
13749
38347
13492
44134
26769
21519
38174
16897
31964
19174
22984
39882
16137
6863
44521
44594
27627
16300
21562
18130
21293
26850
43512
10398
32305
33369
23795
11609
25335
35126
42663
34730
40338
42147
10022
29443
40248
21155
41048
3588
32693
43650
34620
19161
5902
1205
47110
1658
8603
28994
41770
41409
14945
29058
15803
21732
10875
10750
48969
22004
38194
47764
20746
22335
43563
37146
33310
15664
19798
24068
16003
4856
34406
4423
25892
32304
20515
15090
49952
16825
20687
34871
22824
27241
28071
22466
6709
6400
21791
17260
8951
31100
13096
42387
47790
35332
20452
18507
13416
32107
11939
11212
2187
45195
7137
48879
31252
42851
6112
38234
34585
23388
11774
39470
32140
6376
15883
35107
34307
38922
31609
26880
32754
27354
37871
35705
31008
17606
45567
11751
27004
30498
13329
5493
36882
24054
5623
43337
28793
37007
37629
10877
16393
22356
2145
18358
48915
43839
24397
3301
21537
15394
40740
9259
35594
47348
28104
9218
3066
34798
4169
19657
47645
27582
6693
39391
8283
23954
23289
20646
30949
29298
17812
39339
41328
37520
49419
45055
134
17790
10872
6204
28380
12637
38186
47743
19660
29910
105
22127
28326
44817
26135
49950
34415
5703
17582
6906
40424
13563
37712
15694
17430
13065
39606
49078
49178
21819
22683
49471
47989
32810
44079
3247
14640
45286
47176
7951
41290
45298
227
33237
3188
10869
23417
27774
18224
45857
3442
24658
37380
27714
38175
39352
16843
3729
24894
42392
14538
4217
35078
25510
1048
21680
36884
24306
47631
30345
18948
8077
21304
37123
11501
41611
38357
21523
26376
32163
18627
12476
19970
27706
8925
9731
11290
33623
18820
29569
2252
5694
36695
7984
7045
4875
14192
24524
6124
47042
12877
23927
30440
38586
43604
48021
35877
39473
30332
29771
27231
39535
12491
10030
15765
6614
27183
35733
46906
25206
45
35811
28517
16465
7524
3684
24638
19793
24148
18207
34876
49616
32284
1146
31691
45105
44397
1384
2037
26403
47903
27255
32186
27088
37490
43909
22943
35730
42135
24713
10113
26846
30335
31258
17232
49158
4646
40907
35257
165
21359
33028
39493
33090
46632
49504
11237
26367
46127
5214
2005
46800
23711
28809
12196
9661
39310
44165
44509
2350
6696
33373
30857
5999
49367
40593
44121
17646
17674
29772
29429
45109
46256
24336
31765
2950
49594
7673
41126
30955
29102
31813
43933
2280
6251
18681
46251
14024
42211
47586
43308
17594
3407
22601
38625
15751
42784
1941
47710
17389
21948
23987
43958
47823
12735
3044
36376
47774
49660
4743
6020
5491
11422
5202
24700
7929
17461
25189
30093
33463
3462
38905
14334
24390
44785
10133
13385
39499
4840
47759
35250
17969
35637
40184
48345
10968
43521
22825
45863
27592
42281
1039
22180
20738
6613
27215
37124
41381
45696
26936
40449
23703
47425
31168
14970
26763
8855
9358
43342
26092
33441
8449
398
49596
20494
6473
41926
14132
11333
4517
42658
17637
40875
27549
16651
19741
48787
27580
45164
22499
20296
21043
30630
37050
32822
36529
311
13889
42878
8115
6589
10108
34342
34967
24087
32610
16985
5656
18155
31749
12230
40621
16017
47542
40580
49379
43726
11614
10970
16316
15187
279
43573
10941
16732
38135
40685
4846
30614
18383
28323
27454
22820
37972
27117
17422
1287
47083
22206
31470
16037
48099
7829
2490
20511
17050
31906
23006
24555
22035
14271
6963
35921
15315
11318
26502
18498
36515
33772
31932
36889
44924
12679
2213
5952
36278
20655
9654
36198
22373
35927
30792
16842
20573
28174
4720
15274
7706
19351
40060
26096
36003
45470
29049
2303
34616
35625
46207
15372
7457
25263
31476
37245
22020
29610
28014
8811
33647
42954
21954
41447
8256
27191
39482
20774
30353
1210
3978
45077
1147
44891
3678
3292
35611
40142
26249
37389
19039
32545
15600
40809
2403
49328
16028
38707
39183
44697
44391
48198
49864
10185
35490
28000
35223
4455
3515
446
28817
32675
26577
28316
3304
3203
14177
19643
23592
26425
34498
29843
38065
8979
20987
41472
26206
30943
13453
35566
23591
24072
11734
41378
21650
37248
7541
43210
12548
4812
690
7602
35401
43102
13214
39532
26375
7511
1565
41641
22631
44786
866
26817
10493
11311
15468
46420
21798
38816
34123
43764
38064
77
18488
49151
3227
16352
33741
23358
27051
41808
14514
15115
33418
12538
29047
7168
1559
27717
21133
46407
4786
11597
42080
11888
44541
22767
32615
20654
24230
37349
3796
957
49963
43694
33975
8550
12717
10540
38682
24541
33923
43474
17801
10448
2643
16232
24048
46284
40817
41723
15411
40850
19370
37931
16838
37918
19170
24631
1980
3570
42662
25216
39615
13198
23260
42412
43068
34606
6178
16765
14698
47344
38222
20970
29044
42447
5119
38070
10477
28406
4746
30009
2329
44245
41739
34149
30816
29583
31885
14609
16242
40207
9582
40428
33665
31150
24962
44686
23157
5011
49270
30529
32552
17586
41666
49055
48325
7997
45858
44427
47299
26877
39003
28613
32112
14687
13768
30132
45832
38420
20376
17977
48063
47718
5254
13000
7616
30583
1034
14062
40830
36463
22164
22573
7531
26124
3102
33951
8828
39887
22994
23323
6735
24809
41899
6209
19742
37356
46470
43634
17123
48740
16839
9838
21955
48633
3020
1144
48185
25218
49613
4109
34793
44837
23968
22776
35371
32169
19332
29881
10462
36125
45475
28580
35188
45399
30977
44315
33893
18637
1759
28061
41247
27164
30165
35423
22680
15950
24590
48033
17679
28074
25461
45456
26394
31468
43721
15949
21701
45906
4621
15628
10660
44175
46648
4725
34784
48975
48761
43297
42589
25106
43335
45197
34347
25208
49992
36616
46219
12898
32537
44335
23961
21526
35852
33563
36513
8813
21170
10437
6857
29261
3352
45720
23474
33083
22868
5211
13174
40970
12388
38406
15585
46507
12841
1829
49080
48653
4695
9840
38603
3137
41806
4857
49603
41265
39426
8444
39143
39607
39638
34316
25441
49502
14154
4333
49189
3913
44710
47809
1799
3814
1619
34023
24820
13691
2273
49213
46107
30407
49418
32594
31840
44743
41932
12378
22676
10959
4864
14256
35798
31403
48541
9059
35506
47593
14764
45964
49895
36578
14540
11210
1641
12071
11380
41608
18209
39451
49740
45254
48406
1311
13503
39023
4615
40811
5315
10648
33718
19052
5932
16562
1836
21196
35857
3649
21369
22117
24408
22826
7897
17048
47936
27037
22036
24106
41568
29899
4629
23966
48937
33367
22936
9651
24904
22549
10699
21608
19877
1500
15261
31900
10049
5171
20389
2378
23812
43206
33253
40644
31830
25084
9115
49894
10568
10064
49615
32303
163
5612
23654
36010
11651
21980
25098
33840
16938
4391
35413
16709
22982
8361
28150
13995
22425
7911
7649
28626
48875
47201
7676
32120
27730
35432
5460
46320
10615
11623
39829
30733
21906
21772
45233
32920
27440
47418
45114
13213
2318
38207
31365
31271
28875
41136
12328
7307
8418
47686
22652
40762
22371
18275
49398
30497
28532
20731
31957
15590
4095
8541
40485
25930
21794
24997
7658
3582
37963
3295
32100
25332
24833
43157
11565
44546
31985
6388
25907
7490
35508
20624
40611
19030
31434
3851
15851
35076
22159
849
1303
13796
22081
33727
10453
3145
8194
22378
19946
13585
22574
43104
8225
45081
43576
23915
44203
11679
2620
3827
44629
1804
41038
24041
19911
12031
26386
39567
13997
41737
42861
3847
41103
415
45332
41604
16126
29066
25623
10251
39828
23126
9501
47627
37896
40825
29514
47060
13524
13474
1732
9361
24021
27285
10616
4625
33917
2690
12863
35039
9266
30875
25363
44641
16601
6062
18117
42403
11549
42727
38119
5339
30637
24630
27551
29087
44476
22037
42574
3875
31495
19430
4299
3977
31756
12336
13167
13160
46342
45272
41662
20254
899
33948
24169
32434
11498
46703
46974
27737
6955
27059
20380
38183
1881
39780
219
37905
10920
37049
5386
25306
46137
40178
47398
43545
17484
20276
25860
38491
44969
16757
6212
30979
11251
2568
45126
24195
31416
41801
7811
19354
28653
37041
25646
5301
30600
22065
45930
14204
10327
10846
4141
31805
39323
12011
37406
15707
21753
47594
18664
41644
39219
4658
48445
43814
11510
17843
37677
19477
37445
3682
25635
17361
41736
10455
14023
28303
38167
1570
6
46981
38475
49777
25172
2423
48257
42306
38205
1896
27562
29468
15643
6185
31338
1856
35073
23551
1171
16278
25914
4950
46408
33349
46359
42171
6900
27939
3434
39873
16077
21405
39746
15990
35983
39363
24828
38913
11460
8112
40436
30650
45797
41756
32282
6287
24044
38228
40313
1880
43970
15661
13140
1705
49698
10062
16323
6743
40524
20622
28309
18495
20659
21575
9045
24987
46005
35060
8292
14409
9874
37160
42646
46553
47939
5940
30773
21371
35623
9467
47271
24836
15913
49077
20475
15455
6679
34872
1814
22084
36359
37371
13935
9843
19008
12803
40220
43928
15288
26299
16180
10686
33157
45539
44777
35431
17451
29973
30754
39360
41924
46115
38644
11762
26099
46848
35757
17107
34889
19585
5081
2328
9048
38519
43912
15405
16883
6440
11831
47934
5374
32869
13484
23815
9947
26970
47712
22525
45714
28131
9474
32886
22622
20667
15965
4866
18178
23760
31685
49283
42786
37597
28747
33471
23885
10655
9664
18896
19268
31655
3603
977
19243
44732
14575
42241
40682
6599
35048
48399
29143
47955
29445
546
41682
45314
19505
29161
35355
41333
32454
41691
18276
4816
14217
25186
9863
6246
22183
37774
24049
34847
44726
40115
4286
29736
31905
31481
39330
44041
5956
13894
40414
11346
11550
43695
27009
11966
7674
27146
2592
13993
17456
33593
26378
8546
25912
5710
36759
12453
32690
14545
7826
13715
29620
10485
27366
24886
44972
25190
24614
45969
39652
27247
48646
11046
45546
489
5725
23847
34971
11856
30709
12231
39007
7038
16192
2588
23315
28046
5898
27994
39125
49121
28924
43661
33243
27431
29243
49526
18007
48091
19588
31176
16723
48043
23570
26316
33122
45734
16208
7424
23683
34486
32344
33011
26586
28200
7728
1574
36900
8131
20825
14761
3771
48094
48002
33492
17397
5839
42085
30813
49575
38051
20546
16675
29606
1027
46076
28863
3334
12622
27244
15923
12261
11588
19522
9845
42584
5080
37517
4050
8617
48521
24594
47064
6437
14737
28622
42741
48460
18920
7365
26305
33074
21833
9357
45287
18342
29791
24795
46166
48391
36049
25399
29617
7552
28233
49016
45158
12255
45925
19301
30136
34488
44423
36904
26698
10536
11572
47619
34134
44553
38470
1221
43758
46881
4764
8655
39189
5248
44704
32398
33486
36715
17171
16810
4685
22054
16517
36918
42343
46680
4413
45938
45773
30605
18339
40372
48667
6611
21272
2911
3425
23048
27517
1238
20856
13438
14288
41346
43390
28107
9095
48093
32601
12199
20628
45804
18460
26190
30029
46722
47448
7775
6565
30060
8389
8122
32125
41248
47004
2894
43122
38450
21363
18903
38893
1509
38277
10285
37465
10137
21430
8765
14180
4354
26506
18188
4183
21364
47288
283
33420
709
5405
23725
16989
18824
15024
49534
13617
36292
6539
16890
9518
41258
37759
6800
12263
46300
40118
15958
19792
5883
31604
2175
42869
46308
5532
11780
29550
10248
16739
17442
33848
36780
27426
19727
32792
48945
7317
29372
19232
43008
2023
25251
31440
44764
48212
17108
35796
39953
35539
7374
38836
35279
25060
24829
39982
43913
43199
18674
7875
49066
33229
45066
27660
6753
43311
17414
34162
21311
22399
31169
47150
41975
13270
30900
17620
35180
3897
33405
20198
29878
12817
48047
32072
43327
8061
18876
49464
47048
47124
27435
8184
35364
39305
47873
26891
34301
14905
154
13787
47300
46417
20896
36474
24835
13194
28666
26089
39237
1727
17015
3697
43525
37558
23265
23616
3129
3311
8515
2249
49759
26915
33961
46547
18624
25078
7838
14022
43892
13381
11191
4078
20759
19011
4900
14720
15508
1571
41456
4613
8706
18410
5181
32539
17802
5350
24263
35971
46789
31478
22856
14849
15197
46524
12586
16803
23755
32766
47101
47429
6948
48471
39047
2293
18092
24395
40596
41595
31899
34
12997
44996
13263
15254
33514
17933
41310
48065
29939
32929
9200
40100
38604
13863
46192
17984
37647
42418
48636
33010
2196
36552
15640
19470
1293
12632
14316
6118
38452
13032
29655
3414
12826
19500
20855
17927
7289
36915
34069
33724
7441
34331
45735
33769
8093
14726
14722
21154
28647
48298
40098
26465
40375
46140
32069
13961
15453
28145
14036
17865
19395
26600
33982
46771
29056
7525
26975
48017
23309
13158
10963
31638
11672
9753
47314
40582
25578
12405
35381
20009
37440
11708
43710
24579
37094
31334
1507
20795
16276
9756
20238
25362
11657
32828
32074
14659
19036
24213
45304
35656
45322
47087
27807
26177
13537
21142
40955
4140
22072
10450
5269
45166
20274
24963
44402
34568
25347
2149
22785
21489
44653
17643
2446
29409
5484
14723
42599
4769
6596
26748
8136
46075
13940
47697
18080
11807
18438
41392
24624
29318
48878
12258
6113
18536
3929
23489
34070
42556
45881
43414
24446
6960
23277
29539
45935
34556
58
23819
25847
13903
34964
23009
36283
44723
39613
47869
5581
23134
553
40509
29444
5210
43364
30390
590
34020
8937
15093
32523
13365
15123
5244
20093
21195
7753
34336
29357
19054
453
38418
37577
15064
16579
1870
23411
24341
48887
32225
13703
24388
11002
49114
8992
21204
3818
26521
28448
8053
37646
14310
40394
47808
20736
28625
2769
3644
4265
1042
16702
43410
43780
43668
18662
19205
5329
24613
41839
1838
33408
26519
4756
46077
19702
9862
24241
21037
34849
38573
47749
18684
46411
10394
26247
34051
8336
17372
43148
40432
11161
21835
11914
15001
437
7350
20714
41529
45488
24211
5815
29314
34960
3088
14418
30665
5907
23613
44056
39353
46013
26585
22760
6685
44883
22557
29529
110
48893
5618
10828
26162
26952
19597
30145
12348
29348
11573
23193
48587
44828
23897
21411
12055
42697
9538
17488
2756
47675
36334
25161
30276
42934
25728
3530
6382
14801
40411
6502
1090
4507
26552
26114
49286
17274
17195
24080
9525
37373
10300
25910
29528
29889
17409
29052
32332
14448
983
25130
35739
14383
16175
12136
42341
138
27946
4770
36710
37002
34108
7896
24586
24393
39634
42845
5462
42672
37480
9112
33838
38215
14390
28379
13036
16488
3990
20962
16475
6875
17607
4247
8028
12911
40842
9782
6702
47644
16004
10013
32485
16731
950
38254
21706
35468
19456
29408
5629
44745
23532
40018
47874
13520
35043
27650
36251
14492
17490
39516
14712
22786
49528
37416
27404
3402
26362
22325
9127
44754
48339
4342
33643
49263
28526
18890
48435
27234
758
18767
30014
47656
29976
38515
24019
29788
49088
14440
1790
12247
43457
32204
22369
43853
37688
26484
191
15790
16148
26772
14473
39367
34939
9666
32417
16019
48747
49623
6172
20519
33753
40218
20764
49470
48370
23282
33012
5605
5596
27058
18573
44422
46935
44540
39149
21033
7003
49252
12180
25803
7341
6835
4835
35747
40294
6021
18812
44829
25325
12927
37779
12704
43292
21652
116
27694
36648
41147
20286
48580
1400
2385
12345
20120
4966
41026
21212
8047
11860
26146
28939
5994
48859
15569
3383
34573
7818
3712
6429
3631
29747
49936
13428
26823
37188
3821
12810
6485
16672
34431
9717
36665
43026
6918
26217
46912
49578
23519
30215
35858
5882
27288
8971
7167
4821
16042
39599
26792
1333
14244
47855
35018
37997
37088
20588
33839
17511
23854
15740
24279
30056
11394
16954
42609
27626
30576
11607
23407
4453
25407
6862
18293
32498
1312
9363
23527
13469
1872
46631
24552
12993
26508
35440
8926
36108
14068
27367
17560
3701
16357
14991
24686
33966
48214
5607
42017
18308
42912
32762
28859
45959
9742
44916
20734
8622
26509
30930
8396
39466
28717
17103
17323
47096
8666
43501
22685
5731
6354
47910
41785
4546
46221
33619
8819
40607
5847
34448
23476
8455
19619
12666
23748
26839
22058
48792
40576
33309
17340
47435
48015
12764
13933
32214
47772
7740
30920
2420
8959
33547
14442
45317
48175
4839
11044
49239
41275
44471
12914
49269
5771
13608
36307
45429
31411
28084
31616
46447
48360
15840
3786
11232
25708
39902
18817
34942
25548
42636
12095
23508
43296
15982
22166
31393
43215
16749
18163
15547
25564
9162
20553
12517
39771
47246
35117
13506
13452
41377
17834
20487
15711
30244
41230
1184
18505
31101
19494
21976
15832
11264
18078
16590
42070
18035
40812
37937
16882
26452
28728
21294
34263
24973
42399
38623
41537
10472
27211
25682
27174
2459
3436
12414
37873
20337
7404
24790
46452
19745
30057
30822
45411
25587
38676
48816
37932
5756
47541
37069
698
147
42718
33180
39226
3180
41017
34646
2959
39950
1137
9868
35406
3585
11984
37487
45279
12619
23638
18897
22426
4688
14892
9860
24360
29231
19783
1725
3646
2021
37619
32439
27280
37232
28459
47390
16182
36594
522
37533
15522
20803
15276
29308
15767
35576
11235
2553
11962
20268
15082
40613
13701
26248
19769
19279
28872
9962
18935
40261
38549
22170
27043
16730
43932
20057
19920
8761
32099
32569
6893
11652
15220
9691
33245
45005
8127
9614
9042
29936
39681
23169
35455
19311
2543
47630
1594
13607
40228
25267
42199
48282
18413
37062
4527
23284
37220
1901
28116
2342
11537
21771
4180
42269
39570
42639
21924
26105
37024
45074
19818
45084
25282
21341
13662
35805
49460
46835
20042
17673
42723
10794
49302
25449
33187
36279
4681
21723
31683
8963
16497
18010
473
33175
11731
41191
31718
40065
31741
5223
36960
6214
33065
49369
38970
33715
13937
26296
10553
4348
47539
11110
45344
34271
19804
25314
43267
45471
38534
18304
27112
45675
29642
37274
22468
27675
47287
20853
7529
22276
37288
8374
34426
12334
3308
474
34933
6659
1746
32884
32657
26929
926
25403
11151
25136
4182
3538
45835
2644
15584
44695
6929
11090
46043
49564
38153
14365
49719
36181
18017
29629
8772
20804
11470
22665
30475
41538
32473
1
22455
35847
39257
20297
40281
7436
40480
1380
48634
32666
33681
6498
16594
12213
2150
35131
26318
38426
17861
37961
7622
33767
16422
26824
11955
48591
29943
48352
5759
46721
25731
20611
5526
43211
36272
5174
20693
34654
17301
31726
46464
49159
23875
28270
42276
35343
1584
14621
49331
5042
39676
45688
3438
26429
44599
29799
28268
33383
46966
25754
41291
10922
7587
3805
10015
13505
21919
49643
26725
7713
41660
414
48132
24544
11580
23353
34765
27832
39135
39022
28170
46629
38280
29959
8791
4574
48322
22654
29599
20787
1800
22801
12073
15776
24785
45466
36908
36711
37432
14253
140
43453
11421
19367
34447
23393
19573
5261
45841
21054
29218
42787
27852
13555
23088
24640
41090
46952
45315
699
47691
18811
4206
30619
19031
45275
22875
618
9056
49352
45038
14312
31046
33102
26946
31025
45665
10122
22223
25499
3823
12408
30074
41289
29962
3103
38393
11640
24146
5917
35806
40960
13010
9951
36368
49786
22991
8096
3937
38571
15934
30747
14566
31701
24111
15009
6859
7825
42687
13613
36095
37154
10535
3549
37944
15361
34574
48316
3687
36153
18673
6073
20072
6629
4164
35380
26201
17697
45284
18223
47409
21151
12691
4914
2870
3335
42179
33703
31219
17275
43531
48151
23013
15275
46019
40289
28265
18173
15930
38853
37687
48760
28059
7805
16317
11900
917
47566
36445
41219
6823
46520
35651
48071
5793
5060
4384
3037
49444
19438
17064
31096
48163
43205
25354
5021
25398
35791
48031
37641
20353
728
43416
18145
5928
21248
1909
38048
16684
32007
49300
33381
15183
41740
9969
28688
41169
32725
30369
22101
39878
11355
21447
11395
7043
16307
36520
23186
25082
36331
27503
35184
16200
29917
48375
28228
21979
47767
34927
45151
18039
8378
20888
23702
47842
15662
44451
36990
41348
21825
32101
47403
40106
38880
14101
31039
25640
40113
43640
14668
36464
47277
14198
22246
9694
26460
35151
17203
21974
36289
7612
3742
493
3539
40370
30826
40703
48612
39997
49933
47883
12512
41101
47746
1938
34072
34430
2121
5513
17717
7358
35901
28081
16912
25207
13076
7879
17367
20751
16630
14937
15825
47841
39839
38820
49404
11857
43372
29093
46227
25652
9648
13149
49349
38719
16884
7076
45894
15069
23348
14116
29473
15284
23466
36672
8483
46004
4106
27821
48642
36635
26159
16770
39820
21829
4989
32745
19995
39331
24110
2573
37810
49886
26266
20637
22026
19363
16514
20368
18042
34495
42315
35618
19917
1761
11682
18018
33480
49872
48698
3427
36575
7415
3224
20816
48529
31914
27429
20265
1168
27196
25829
14435
9805
47104
14005
30176
23830
5010
46717
48373
41677
44431
24316
24255
15047
1064
43935
3112
4748
30243
44272
35587
24932
12022
37553
24724
5232
30149
39449
31976
6190
34217
17945
4234
34202
43684
21785
46362
2206
32960
35256
11633
32345
1616
40171
16063
15902
42573
33209
12933
2941
49842
13877
11439
36981
38872
19204
11516
35096
32205
31298
33095
25671
47549
45768
41490
39077
36025
11206
16640
43121
14293
47036
43667
42588
25647
44303
15630
13064
5142
6403
17995
5552
13342
8614
11369
44964
10168
45359
34958
39734
24257
10764
48001
24299
26511
26385
35657
22292
20437
6038
12094
44900
35446
15946
6747
32156
3228
41999
49361
20148
26982
45133
44554
13379
17136
33507
11839
15531
47367
43804
39521
15066
26865
4570
7110
10554
12507
39646
22684
3825
38086
6885
37977
42108
6911
29597
19027
27111
14915
4604
49388
26391
30615
2576
13852
24137
88
22543
8174
34200
24178
33272
7519
33662
3455
26045
7046
14172
3138
3320
33414
15896
19302
4057
38847
24682
23231
16045
44210
25904
15490
44321
48153
22092
14695
4925
19989
20708
10489
34751
27642
9690
37576
26901
9321
37979
12085
41476
17796
20480
29851
37714
26424
7764
16152
46445
23177
42742
19409
12167
3650
18908
36822
15581
13199
20498
12999
1201
25736
19273
37606
17684
46061
43775
18768
6838
33198
3355
27195
26701
10443
44568
30119
3855
46351
930
45049
36325
43170
38548
29565
39396
11921
27589
37507
27261
14676
32027
11675
18415
34142
36663
32273
28383
44136
32848
40526
37827
38184
18712
36846
41827
14329
23575
4942
45485
33111
24870
9434
22544
38077
15192
26468
29790
26789
4104
1035
24994
12765
21619
39782
42235
7690
17291
7190
11297
48126
28794
22609
20184
43754
38238
10976
25001
20796
31796
14822
38084
46354
24895
45358
42127
6524
36296
26812
20966
19265
406
26184
27324
49091
47637
3612
11726
21224
15921
32880
30324
30178
593
41089
26526
38525
45252
9242
1711
3801
10222
22607
19986
27830
46902
12026
22254
9542
4717
3700
17957
27103
225
43192
8558
27024
8676
39897
36329
7899
40092
26497
2531
23887
15335
27062
44207
11695
40976
5779
44149
27108
9546
43550
4298
24342
22205
29830
12307
38080
17584
43897
35850
24920
14480
4450
47363
7586
44254
15018
7218
6792
37326
7920
11997
46908
13146
6302
2235
21959
42473
36019
21520
22113
20866
3175
18566
17295
25704
25198
28181
47709
21846
36763
11374
1609
10098
24024
9028
42353
1569
19441
5925
45274
7940
3034
42314
19098
29083
2921
30924
43638
4565
20605
3053
22502
28261
10679
37955
14236
2463
15819
36559
9327
48743
25199
44231
18833
4472
21338
41035
9615
22956
27685
14830
44790
47876
14520
37875
6733
19013
25991
34035
17974
3036
32320
7324
4289
4622
41097
14798
23501
38269
24538
20485
45827
41002
30741
15917
9314
36924
20049
41203
26346
37181
40149
16953
24278
48936
18088
17405
21345
11850
46698
19294
10454
24036
639
46807
47503
8577
46233
5053
46616
18785
47166
49008
46643
16584
40386
10525
45389
44747
12433
3327
37840
46776
39701
32366
6804
18425
8741
8947
42994
36136
42169
4278
28259
10950
8438
24480
30907
2628
3418
16385
16301
4345
2771
15668
6961
40713
10746
8933
17049
103
35859
9180
35162
48906
7936
13464
41133
11919
4400
40807
41217
12417
33
24392
43854
10074
39849
43591
4176
45541
48590
3706
49359
4028
2441
1515
10170
5841
142
3113
22843
49285
29750
16262
32201
10834
3726
35429
20317
18071
4318
29388
21209
32294
39295
16241
38817
36261
9061
38663
22195
12232
22970
39737
20936
23471
29971
45039
29803
35331
15947
24200
43112
2575
13496
49977
18404
42734
36891
23825
43469
25316
36749
40590
946
10279
5130
46642
19980
13282
46113
39267
5524
11028
32323
33594
20996
19520
46047
29884
32953
41696
15722
5769
40341
3079
46448
25637
49469
8309
33216
3257
9202
27492
16734
17349
25989
25177
11803
31776
40401
10087
14071
7600
45886
44474
27493
8307
13670
5132
27071
40523
16006
23
22532
6169
13038
39832
19136
2605
6295
3059
30183
313
20103
31213
49198
30654
1551
20821
46893
36682
2330
3680
35646
21277
33018
1628
31755
835
7880
17626
21831
42651
13289
30206
12052
33050
20557
22001
3114
20293
45218
25231
38256
19516
19749
35928
48400
18615
38076
5858
17577
4754
9407
42860
28601
14633
27884
8447
10798
3985
6606
37405
39935
3390
3685
26654
48928
29234
13660
16294
5672
44638
3244
1186
30833
27363
18014
24124
36165
25970
48827
24298
26242
7458
2274
14897
15677
27489
43132
28400
21649
34561
9931
41749
10589
45902
40264
4584
17837
20927
40564
33390
44646
28041
23324
19116
19458
41331
16476
24668
42809
36276
35503
45487
45030
25806
20951
5983
40278
14097
1083
18403
9966
24131
1397
7550
7177
22480
19824
31007
1967
30608
48961
38146
10305
42590
2488
31312
6191
44834
48989
31311
3089
14451
1505
11300
7340
15039
29875
6451
43996
13498
9157
24441
21821
5345
18513
34078
30856
14899
40441
33797
15616
44873
10262
38391
40722
40396
16072
11910
17288
3332
14200
34856
9668
2566
38217
13440
38053
18543
7571
19482
25713
37743
42155
7765
25529
48626
29003
15436
34686
48613
42729
19079
2883
33561
9686
9064
34507
18348
24029
48405
15853
14209
34743
17131
9895
42262
8084
27970
18649
25059
47551
31819
39467
46696
30681
35443
25844
12189
32608
15757
44936
9957
2487
113
23291
39041
6910
23192
47760
36467
16678
19460
28651
4805
27029
33730
2548
17454
49879
15140
6364
31356
41338
36479
6907
30268
3435
7774
33495
32578
15891
6818
21694
26454
17739
35010
48434
30109
11715
44365
13898
33088
20549
29698
543
39931
40164
21034
28064
12906
42509
316
13099
3893
1362
35146
37901
14882
36634
48818
28957
5764
23809
29169
36336
8864
19898
49854
549
37304
1514
5230
44765
35815
41483
748
47735
4210
6180
22959
2674
38935
43109
20822
36238
25289
43765
36315
34130
10947
4753
48415
43864
33207
33222
1535
47267
31071
4086
6432
11526
5666
31806
42062
37270
27707
46367
5003
23877
14594
20518
21788
12165
39375
42670
46732
28120
4231
28989
42096
5099
5636
41787
25532
15535
28873
21229
2255
4985
2762
41179
49266
19143
20147
42664
30116
16605
41971
20340
3051
37183
19600
14889
46792
37857
34033
26778
34907
37866
13016
23135
37463
29563
40529
25956
36365
46804
3405
25977
42627
48517
16174
19740
21188
28557
17781
26815
33650
14445
48567
33505
38502
12615
10900
17857
33701
36947
29216
7594
44547
2498
14258
28119
35789
13248
45872
4314
13092
19387
3608
11718
20168
44107
20197
17800
24657
44573
44488
23041
49589
3819
1191
31128
45266
2256
16663
254
19018
17417
17663
12004
1560
43743
14876
47401
10832
42053
37509
23752
3596
22858
15459
802
20847
36059
20563
17266
20719
23276
45672
36064
21828
30501
2863
501
45092
31183
969
16439
34187
15571
32689
19867
47540
10498
9565
11282
184
24619
2429
41326
28358
10166
9961
39369
17844
8732
10738
30934
49346
34370
37695
21947
46068
48658
32595
44585
31622
45695
11000
409
33687
14482
10138
25275
24454
46979
25319
49108
35086
31575
1683
43655
29711
22802
29097
12754
3774
13987
19932
33206
22623
4656
22465
11275
11895
29131
49057
39977
16299
7665
27341
27638
4978
2954
20342
22850
14385
42978
36250
35075
10605
48439
7528
41819
10617
14251
43575
44246
24866
7854
8015
22508
47802
25255
40037
33745
34327
10267
45431
12968
40531
17556
36659
42312
27554
20713
3225
47704
25697
19303
46599
37407
23106
25921
1855
19225
20370
25724
20333
40537
31719
29721
13910
35659
39278
33096
7549
25781
45982
27147
43358
10362
26235
34190
23381
4851
26020
2462
4157
26284
20981
31372
403
16559
38594
21112
17580
14326
6471
44970
44967
43728
4707
42455
17597
10749
15526
4524
22243
13663
49098
21466
44367
11082
24371
38329
26628
3735
1078
48656
38251
45689
6673
9715
351
15091
33415
5291
20332
36101
13125
30232
24799
16997
44935
42478
31506
10827
36231
31121
13813
2760
24470
12970
26488
32855
27143
28980
1350
48484
22822
4327
28185
41427
23180
8459
28798
28136
46317
13077
48528
36455
33988
33219
12685
3461
28654
8116
5564
28882
20294
28780
8289
41384
47005
921
12434
7987
38340
31774
46769
7983
35199
26899
43786
21259
9453
45721
47972
23863
35990
22992
47377
18256
21491
22377
17680
16115
38309
35915
34328
44684
31274
44571
25021
14967
931
38566
27343
15821
14084
14675
23781
9901
35830
22971
49875
22296
39703
991
39995
26074
30326
19452
15802
44595
36314
32839
25436
6954
43201
24065
17688
9161
15486
35954
27624
15655
12131
23483
9808
37686
23956
15972
17466
23280
48211
4596
5417
9977
8075
168
38248
13069
24957
42765
35942
28627
16621
34949
28277
30801
48707
47850
37734
35683
3155
43891
44266
46307
47136
17272
1869
20047
23637
41628
2602
24996
1602
48855
9981
48511
28160
21479
15773
26744
26433
42311
47026
27700
6347
38601
38177
12183
15887
33401
43217
5712
31
5014
37401
25709
33819
38233
30531
36950
30628
46841
28910
34199
44977
24096
11668
43763
4209
47305
16637
27820
12222
15951
20543
33850
30421
14661
32664
17351
19770
43146
33781
34731
39987
13674
9559
32874
28146
3217
17052
1491
33748
8068
22147
34395
37387
22833
9610
31126
43386
20955
11452
46884
17347
47190
24494
49002
16926
19062
19145
44978
44772
25428
40202
24853
29424
213
5149
29770
32361
14810
5224
28846
48929
11135
343
16255
20916
19502
6920
18340
9572
35504
10979
45660
44803
45744
11280
13746
1792
16548
47460
42863
34349
44569
36736
15983
47471
36934
8226
27299
12668
48652
6831
41274
23850
36774
29141
31855
42060
28883
43985
45070
20869
7147
10000
32955
37570
38952
7660
20192
8295
49090
24405
37942
2693
49148
18898
23058
17350
8035
41869
13784
45373
37157
17963
12795
11254
42982
33649
27986
39113
18879
36427
35527
14094
26765
46218
30462
21471
4935
25862
3815
43659
10626
45738
36702
43164
29063
32806
3599
33034
17686
10796
20070
17500
11918
6744
19448
10261
19598
6678
3518
37649
27438
7047
28885
37652
3831
24425
28388
28596
568
26200
48386
13939
39856
14888
8538
34667
2964
40036
49926
43020
18467
45370
2652
22333
13568
13232
44171
38799
5041
20151
30918
17270
27891
40518
15420
29576
2882
45654
18451
25396
13504
199
37778
36188
35476
42230
21625
15959
14719
31315
2580
24507
25595
32602
23320
35258
32291
44174
30118
8712
33078
5191
22286
45226
20806
20275
27926
36284
34827
6296
33953
11150
6281
43483
42229
11453
30674
49590
6464
45686
12763
43356
21603
27245
42313
38712
29852
12576
40108
2845
34629
45555
8769
46244
33826
25192
15117
47785
21102
38318
27964
19006
32198
36458
10519
29115
40270
22008
2097
12100
37491
41580
44411
40966
2332
6488
28790
10841
2406
44461
44566
16258
48565
27100
33248
46685
33196
30445
42551
7368
23012
24834
34246
37696
8273
43646
17823
16791
15759
17084
46655
42559
9515
18143
17987
17021
46476
45190
39874
4447
13573
37473
9069
46232
28955
32070
25786
48321
9411
4741
27127
33421
26293
25883
7977
312
36531
25288
30635
24431
3354
9232
28077
48304
19371
16066
3120
13544
49144
12226
20600
33247
13066
8737
17553
34443
47430
13300
39115
14364
37798
49539
28551
5306
19533
36993
3743
37772
19689
42560
33604
22270
40063
5650
15425
9757
23921
11238
20135
34526
42781
22918
14073
8305
1960
6035
37881
10654
37917
23732
47231
16303
11647
48729
38967
40088
6378
49290
16511
36942
38504
5519
12645
11545
5512
44299
788
15501
8818
45071
35781
7194
19107
14019
7393
30220
33091
8528
19144
9335
10208
40991
30953
1610
2931
29944
44436
36698
47016
43785
24206
7687
15262
19199
38514
1857
10627
41140
9986
651
3024
22271
11386
1324
18821
46306
5634
3239
23100
29024
6177
22648
30039
38438
4661
13026
4470
35593
20354
31158
5522
46356
46206
38593
43954
36683
23797
6851
43628
47821
18605
38122
19125
29922
43407
20930
49370
23022
22269
2352
34727
5308
19943
23791
8809
25151
3369
28382
11869
3509
11785
30884
36506
18502
9797
7491
23101
47618
34081
29487
49383
46294
27379
6067
16368
32524
45059
48032
37263
8521
32396
24266
5931
5583
29885
11392
42216
10989
48917
38401
6421
8702
42631
22944
21514
15162
33023
28175
43437
45677
34275
28958
5237
22024
30120
32161
13823
46910
30471
27760
14515
23199
13407
34817
10419
124
13558
11489
34073
16481
37728
642
6339
11388
11169
2617
808
23467
18989
16272
33791
9562
36651
18041
7062
46194
6686
964
21741
6350
22800
28029
19862
41264
48502
6450
29612
30585
2204
1550
21187
30594
21504
12521
20435
45291
16538
5449
35177
47040
4458
16895
33712
12497
4541
19953
16160
45002
43641
26918
42796
42410
25898
1613
2281
47624
1621
2895
7312
7533
27888
1405
2411
49390
46430
38906
36442
47106
2222
36366
13897
45244
36976
44895
22039
26905
41977
8132
6210
39916
11332
40074
47488
40285
36287
33433
21513
33666
19616
38188
44125
45611
46174
7799
37363
43059
38169
14478
38581
34006
45434
45936
36888
48234
41088
38020
30245
32472
23361
9402
44696
9109
23210
27649
21778
8076
10141
46501
36343
26852
7300
11444
19627
48897
30153
11324
40790
33146
15734
38579
32575
6149
44336
31020
8339
39843
3468
21763
9038
45922
47254
24417
12141
43382
6370
33434
43981
27544
9633
46652
8899
27755
25976
41719
48820
3874
41659
49981
10111
26438
42630
31649
11700
3984
3109
6136
34761
6039
7595
45775
34232
24788
36671
38484
21177
36850
22418
30191
20503
12830
8371
9223
26250
19974
12594
41343
30705
1313
55
21141
30367
21765
28886
44267
36044
49429
37960
6442
1494
49902
5765
2288
19044
23172
46297
33063
34287
25963
7656
20941
33334
2239
15540
30077
42716
20432
25122
33890
3219
27023
21098
18592
28614
15294
31394
4178
17410
46506
27741
21572
24964
23779
39555
3117
1012
20599
43925
30851
30755
43534
42614
17209
5322
46117
20854
26144
4995
12217
17782
42151
37071
6305
42022
8027
1049
14912
19426
40009
31778
41594
15489
14125
32040
30670
13237
48310
36522
20113
45829
37084
44518
12112
47174
25016
10865
10117
41889
17199
40994
9233
1112
16073
39190
14643
46592
26397
29286
5541
42758
41257
14255
19574
9495
12583
32026
48355
29533
48188
32172
35742
36808
210
39879
47944
1446
16389
18642
25766
17689
5489
41165
14586
23325
24318
6195
4233
32088
15593
20798
3722
42013
44446
2116
31600
41063
495
14714
48237
28138
29841
28615
24529
27758
28630
42903
44954
35978
7052
47366
31642
28002
19337
41822
4090
49944
41138
33107
33740
13406
48105
26881
36938
21129
26154
46861
26039
17972
3647
15863
43218
38852
33342
35988
30621
19340
39731
45621
39566
15399
33517
4334
48941
9679
20929
8829
1781
39058
8867
5871
8789
39398
26047
44544
5693
21989
15384
26619
38735
6103
46101
16977
22849
40814
8493
40127
672
37458
21413
38659
21538
5824
2094
31029
35312
53
17810
37654
18557
11920
44587
39981
1640
43902
3873
29855
4654
36302
37000
41151
12159
15311
26667
13804
43681
21795
1354
27933
21236
23087
43013
49205
27646
2705
5615
21080
20011
9149
33637
18057
23030
46723
4665
26608
40102
26283
6559
23894
7173
18503
41249
41657
40516
33268
32518
31799
27256
9471
24710
11896
4417
29053
45811
15306
38278
8423
26274
42143
33782
46369
11704
7715
31779
16089
2586
12303
21475
28161
11883
35968
37321
8331
14838
33371
1827
30682
12193
15241
41654
7950
26513
27331
37410
17979
43274
39824
160
30038
15444
1379
13209
21084
2436
12114
12355
42802
49351
47318
32311
12552
48618
6925
248
38304
27420
49243
6430
12278
9618
3095
36978
23391
1912
46339
41271
33215
23200
10582
38050
46003
29815
44633
47128
43585
35358
14537
902
45187
6984
35157
10662
5388
23994
24322
37548
49605
21592
18437
22902
20356
36175
22658
45524
11026
2345
17269
36304
8258
15291
43186
6285
2637
49222
34533
37789
25143
34675
10588
12096
31318
42941
24676
19486
29809
38162
8004
11983
26540
37666
43974
25329
39803
48898
34630
43626
24897
41361
46587
10179
8551
27344
35635
688
37505
13929
36504
36156
45801
13778
33556
3677
8767
1367
16292
37136
19736
15232
17303
3797
43988
34796
21387
1795
1731
16836
12077
2238
20245
48916
13110
39222
8549
35727
34824
43838
9098
36876
46731
41987
13682
14000
21312
35556
21720
46414
17589
30528
40903
1240
20661
7034
35688
16686
43734
49805
14519
24968
39906
21558
17035
25660
14151
10609
14231
27614
22516
44375
48407
21799
47120
5418
35222
38310
15726
12305
20610
48926
44889
27135
4273
28374
41909
9413
16603
39914
9230
20724
19499
25309
19543
33314
37604
9082
33945
37418
38877
17111
41302
48146
15180
43984
48746
2962
10309
37456
42942
48059
36094
43527
9303
18699
38257
13144
23040
26081
34878
44294
44673
39284
31534
6891
23886
43023
26878
33744
29269
41464
2967
32340
27658
24739
24479
20071
20911
16784
21917
38716
18696
34588
13490
9758
40504
8228
22627
9557
22998
28739
3096
3992
29002
45820
458
36764
28837
42905
31679
14072
35474
18186
34656
19842
9247
6012
15646
19313
49607
11698
3444
28357
2538
14758
49973
47798
7538
39486
47182
30961
9364
16193
45723
6856
15304
30973
4499
47649
34701
19926
36573
29519
22376
31265
16394
49128
22831
17057
5874
4005
4678
31722
25123
14597
21894
1260
27780
36668
20235
26066
26978
18538
37204
14701
20561
42616
39942
19737
31422
23835
24175
31665
12059
47925
44644
37870
5671
47909
35209
18760
45562
29872
17858
44215
22540
39509
9998
28525
23581
22252
12808
42302
14878
14341
43489
9584
31539
14220
4237
48723
2567
19810
7309
27030
29095
44364
41588
16905
38691
49961
24902
20590
29607
4562
49237
5457
44602
915
34700
8041
32351
46913
15342
9887
891
5182
5277
2939
3989
42224
49978
41439
2517
23865
39573
33352
18941
24343
33719
29101
18778
47467
35676
42656
24989
13321
30525
17180
30457
11378
30882
40249
13560
24466
31522
26304
45759
25173
42113
22278
5669
12590
13298
34781
4172
36517
36008
26101
13522
22546
18457
26332
26348
47000
42868
20964
40422
3464
26390
37663
8155
26517
41849
15536
38937
38933
47093
11215
7383
34538
1266
4195
44045
14309
23832
32459
11440
32952
40473
10405
35854
9790
8317
25290
6359
17443
41967
25993
45971
45371
26561
3628
39519
8854
5109
20730
43238
28906
27506
42907
22055
38296
42488
32380
35087
7653
38030
809
4794
10564
39060
29195
48842
8342
14593
11840
17640
32568
24549
7651
15681
32247
39068
19248
40777
18926
41878
5975
44575
14152
27180
48334
2382
10026
25273
44023
33362
17279
11757
47719
48720
12116
20054
15437
14859
46477
5340
19648
12647
11190
23089
24377
43847
19930
14502
15104
33787
49441
39292
16092
38755
49783
14549
42512
28636
12097
20439
16855
26729
5432
18567
33456
11767
36705
49863
5404
15492
23972
23852
35156
42161
8806
46486
47623
48102
29616
31894
26358
48519
18658
45905
48424
49956
40357
10352
19193
37579
6917
2753
34766
10161
22349
8632
2279
9727
4097
5257
7445
28010
2585
12080
3556
12361
22352
4123
21202
47617
6274
13480
45201
7176
41797
887
1373
37826
42542
41879
25585
35834
31627
24701
41649
7326
35428
47116
45430
10260
23609
47171
10983
22067
19307
38014
24901
41467
2844
9611
47535
3154
17695
48604
32617
33796
24234
15116
37913
36361
23659
5801
15428
27240
48318
40918
29134
13030
20127
41814
19589
9189
36679
9831
5030
19138
30837
17309
8033
15139
27659
6766
20449
25566
696
16756
23691
48668
42318
21016
31775
20832
27480
46150
47487
23050
22821
23705
36160
37332
37163
28248
22051
3166
49147
49690
340
38285
34385
34850
8977
13650
44519
34167
9365
34038
18515
7691
1220
34959
16233
30033
12549
41855
14813
36569
39799
30750
22539
19550
21438
3681
2286
17188
35979
28112
3986
2106
19945
20629
22688
8837
49687
49723
13810
47002
42294
38559
1884
13101
25144
43898
12262
49308
49997
612
47337
8486
25773
16416
12124
34603
42253
17492
45089
48806
22939
39886
42000
22818
6321
39320
42859
32634
49238
44466
17542
43586
43173
28031
49086
12257
42402
34045
24094
7153
18792
31790
22900
20649
12650
9989
38561
38091
47194
48672
11263
40352
6162
13467
19928
40947
20586
9810
18428
40397
37954
26288
33233
20381
33617
1593
12505
6899
7100
31682
21469
17036
18125
8100
11124
30538
39523
48269
25224
22955
20177
23511
13418
11163
3761
28225
4553
15817
16688
38274
10912
13846
33673
20424
1518
21118
17936
3488
41669
21023
23084
41847
1464
16988
32445
15389
36070
7064
21472
17766
36143
22881
48288
1522
4374
46338
2078
16284
11402
10406
34032
25676
45965
34121
19185
22163
5668
7299
12394
46042
48338
1114
14422
349
30814
43745
1527
26593
43044
13822
18048
48389
22708
8055
36040
32681
44178
32564
47756
18110
49891
2215
26750
22885
43630
22033
45673
45015
47021
29794
43779
46577
36923
26576
30917
39233
26713
27259
26615
16179
26897
13776
43331
57
43240
17999
21417
7283
36225
38899
659
49292
10751
45840
25020
10430
2796
45711
33970
41614
8743
28018
15557
41006
45745
5861
30655
23651
31268
49966
31002
12275
22053
41786
13943
33037
31004
19760
40808
40219
30043
36204
29783
40210
15580
230
41791
34600
18056
3865
27586
9839
9858
24649
1188
49473
25746
25361
47239
46730
36323
41091
30560
7059
7257
34497
23187
25331
32224
30404
30251
29869
37259
30047
37588
3583
30049
23813
45296
25295
20537
32010
18480
34584
29412
33044
33419
44379
44721
30070
20211
27630
12597
6233
25645
28755
19721
5987
4880
2154
36490
36485
43609
35634
24002
45839
30539
8749
35373
12809
16223
25114
11931
18073
29223
30553
19813
8910
28826
13063
31583
10833
32415
20183
1131
20894
16837
27787
31515
16962
21872
31532
49326
22667
48024
6671
31377
45048
16906
5867
49935
13832
35288
17541
11226
41982
45592
45188
11256
18499
26886
27541
20722
40046
24971
47763
35756
48485
27014
504
39732
14162
27850
22453
31419
10557
49338
48164
49275
32197
44470
9687
13905
7574
47703
32391
9464
5909
27611
40508
44975
16532
8490
29030
24770
12176
1421
30227
46588
8773
24217
12347
19565
2881
33234
6297
46569
16966
47652
41463
33186
6820
28126
13311
10380
31634
20373
28643
25866
26774
35120
2804
10642
30647
49031
44589
791
41303
1267
14949
6064
9853
2610
15352
17950
22503
19590
19641
37532
49664
23579
49515
19048
21760
7102
33611
6661
26477
45170
44273
3182
47307
20165
37717
28188
31431
43995
11703
24513
9000
7830
41981
1443
5239
11584
42025
43874
8735
7342
39382
2067
49831
14035
41263
6116
18435
16501
10176
31956
26840
47484
12886
5616
45569
12944
40462
49260
24806
19517
11340
29252
15587
9384
29706
37215
46153
20782
19918
14546
31006
30829
21310
33892
35917
17862
8874
35565
35845
26475
24039
22989
42075
32479
26444
30175
26265
40080
35809
31579
37563
35167
47999
14777
9820
40162
49307
41711
5180
40413
16973
45037
2902
31764
27453
1611
101
29763
20409
34222
13355
17988
32680
33527
49173
18433
9535
40116
11213
12424
49329
24654
26636
48046
38415
21454
18737
26822
38700
13809
32276
10211
38909
36370
46681
14069
26297
28164
35402
11270
9777
24625
29542
29744
39641
38365
16588
26320
48545
1914
22643
12746
24695
24394
41443
17056
9414
8264
42009
33257
17671
36501
27050
4898
17437
801
3306
47066
48596
40981
41748
29635
22926
12894
3006
47141
47836
35525
20597
13766
30604
28914
18136
41505
46647
30954
43863
22394
785
44447
12001
23868
46366
24038
45741
5125
24297
7386
21346
45110
42525
1226
25027
11292
17751
21408
4551
39729
22203
11305
12373
38039
3665
27862
39699
23427
44077
1666
10958
17517
4048
9523
17709
5159
19942
4673
9726
34922
6387
13412
3285
24253
15704
1677
30749
4434
7912
43147
30921
7226
43986
24312
34699
30707
27629
9799
2696
17727
30765
24284
29259
5447
2564
31737
8419
2421
11014
17419
16634
1132
40348
19866
47470
23627
34695
46831
26409
49633
38446
46213
37786
17960
4924
15945
17061
25280
49156
12692
23436
2076
32258
5144
41155
12551
2830
23541
37298
47614
19570
7647
40015
27447
11472
4409
3707
12629
24090
24556
37008
23208
36277
12367
28278
22009
46079
1396
5330
9164
23786
21476
8143
8924
42977
21577
29868
41468
10667
27165
12444
31961
45977
27313
17042
15246
4038
5790
8313
10893
39249
43448
23425
39169
40996
43959
15270
10849
43443
5485
47199
27952
29918
265
9650
13996
8090
31850
44235
43524
27777
16930
22981
24550
10687
40956
31507
13317
49816
15512
19227
20531
6544
21442
31812
44363
39785
34227
45058
44857
1004
19743
21630
32871
24995
47690
29415
23964
21875
14990
37027
41287
29639
40212
20857
12343
17172
33808
44243
21073
28806
30795
28983
44308
46299
4014
46802
33188
8600
29592
47974
41885
49949
12333
44484
27875
37179
11542
8323
12044
5287
44739
9499
49414
14067
34012
41717
40241
8913
24504
10806
12719
33261
27055
41172
30428
9181
13294
18594
27508
11307
39454
30799
46826
29319
3494
1103
8485
43723
39044
13286
25040
29423
22535
31107
14697
41701
1733
35846
24568
22740
19142
16264
20720
621
19511
13408
48841
14249
33488
37962
48426
15524
43934
13018
26790
32042
15742
18963
34753
37079
8513
8695
27483
1050
9285
30999
29983
395
1299
14358
14994
40005
29339
22255
35121
18800
12429
3887
4118
41571
11172
23989
36333
47374
27048
25614
20181
46770
17755
32381
33754
49635
30003
15903
8958
848
39439
22505
616
3560
2277
1615
36802
2444
2180
18282
39159
15363
32799
11940
14902
47867
46808
42441
33967
16113
4250
16211
17294
33465
14667
1178
449
19097
12843
20110
2681
9751
38774
7357
38237
33444
11345
44678
16959
34542
4516
15589
11224
9050
29496
40554
33537
32904
30442
46519
3664
13839
4385
49013
26419
20887
33293
8338
35605
49402
25437
47924
3553
22403
25278
24138
19650
12066
14569
856
35526
18015
8598
30138
12280
9602
26571
20203
16754
24265
15696
34128
24247
45866
34076
45704
45787
25232
32064
29385
21397
2400
2629
17327
39099
3941
8740
21708
49701
6494
14128
37603
7465
20430
2276
33540
3234
20013
35883
43036
6188
7019
30821
20456
47242
17546
32289
31948
9146
11833
44558
11570
10711
14824
13006
1557
15870
11823
9273
48308
37278
18034
17576
39630
8997
6206
44209
17715
7238
23133
12311
3226
32945
48277
14430
26693
22759
803
24783
47280
8231
11927
4619
29369
47582
25049
28542
36809
30928
13884
48464
30208
16348
5228
1121
20834
32616
13012
5743
24290
13074
45016
34109
30218
29469
7442
13389
17207
1439
12314
12313
27979
35393
37368
41508
32058
15461
39744
2460
23293
43735
42167
32463
15631
17635
25440
3386
24827
268
22149
674
30906
27894
47405
17554
8804
16310
21222
19002
18166
24600
17147
34829
31709
6174
36667
29658
13435
38723
2146
19773
9588
45156
13671
2200
13739
5361
38797
46460
28441
25181
4528
16595
11370
34090
21256
13850
27087
34040
45976
13694
17573
21813
27085
2306
40942
49892
18234
24373
38602
9819
17906
23378
49724
11287
48312
31325
4931
22997
24956
44804
26423
10756
42715
25469
2650
10510
17480
13027
14441
42308
32736
15155
14027
15026
36771
23859
41558
26832
22112
23708
16659
581
44968
35820
31857
24250
25776
23161
6371
13164
24635
25481
29389
26416
16963
47852
10529
28317
2821
22646
24975
4731
8912
35904
14914
47384
41535
18539
28143
25342
20949
694
28028
12723
1905
6603
43006
34329
27613
1952
4387
46788
45506
12188
12192
13188
1709
48353
35729
9876
43581
14115
10136
7125
44329
42618
5002
2159
17093
46798
24777
8692
40096
13772
17677
46814
42778
25974
34505
16102
47172
49747
33558
25071
25022
1310
13557
33590
20161
16103
13962
42139
9142
8121
14447
28086
40705
43325
43532
36662
16779
45135
886
22162
109
42334
31526
35963
3928
18249
30677
40032
22746
31492
24164
29163
20377
24465
21149
14666
21439
29691
16600
34808
27803
35105
16155
38956
42753
34973
43506
9206
4192
28835
28478
8069
22588
10905
27228
2659
48735
18246
35851
43509
36596
31706
45160
30752
39530
9566
44810
41011
38674
5772
23912
20239
37540
15684
46255
39197
29768
34986
14268
34571
24678
15360
17114
29188
49313
49137
24751
18235
49611
11321
12601
34572
28735
32831
33460
13364
46513
1408
17579
7475
15225
10039
14800
31281
23767
9583
40901
6915
36457
21326
18912
41173
35880
2199
19134
33641
45427
37442
30878
48863
33239
45584
37
17000
39549
4297
49787
29328
23164
19914
12276
19355
28038
2802
22986
30908
49766
32784
3521
2163
41479
5465
44952
30673
49909
44552
10858
24709
3048
46398
43270
42956
36537
42298
42927
40753
29017
2887
31146
2825
44592
17187
31322
13436
14951
12996
12297
15746
40734
4131
43688
45516
34386
48029
43343
20676
24884
12946
1053
21801
12523
34193
47940
24116
9341
4582
39373
2535
49718
43050
7367
405
9415
255
45533
8085
8350
30634
39948
35799
9864
15813
48463
31998
42046
13419
17777
4591
6664
39963
17954
15165
27757
41428
5488
24731
14886
1415
22733
36564
1913
7709
47752
13657
46558
21477
4096
47022
13068
34420
46674
6164
27151
42507
24177
21313
26077
3422
26524
36167
25466
1026
23403
3458
13071
34110
29366
21110
29046
26724
34454
14210
5619
32722
12560
3291
8569
42069
8058
27260
42888
27102
26223
49839
9532
49505
18179
15349
32174
13070
44508
37656
10868
43831
44767
49597
39837
17024
45878
21284
1305
26312
18493
40265
21078
13307
49072
40797
21470
33402
29544
6510
16460
46105
10449
46335
37933
44918
40597
4792
37674
29007
14868
14655
39495
6129
20709
28166
27011
46931
39691
37177
48739
42145
42202
28631
18953
42352
238
36820
36470
35218
38598
13515
18284
40017
39892
7001
45200
47706
31083
657
25475
13427
11786
24058
19489
8191
31947
43229
4586
13609
711
16430
29371
31669
47888
15496
9704
17604
18135
6176
23220
14058
12379
32859
34401
29315
21937
31937
4567
17914
9380
34558
28045
41527
46943
39563
32492
37313
17277
49257
43738
36083
19833
12412
48166
35099
15737
24280
31238
25830
14506
7259
27961
36311
41836
26413
30439
4493
20287
17555
15040
46119
36061
13261
8499
27609
9330
29527
33920
10417
39774
18
22175
40906
28322
12526
35948
18783
1906
7802
26655
9848
11335
25636
46975
31301
32988
36482
44000
22624
44239
11243
15721
49947
17017
49276
32300
42376
40068
38216
47948
32240
9950
14603
18361
9638
18850
7650
35453
7834
43073
23434
35768
41546
38311
4280
16525
20162
32922
47168
15359
302
44113
6000
15505
8086
38380
32943
37265
38974
18961
38938
39032
49187
29277
13207
24930
13875
17768
12925
49073
48159
1728
45064
6666
13589
4946
30912
25748
8491
38605
23548
5506
41415
21733
33472
46384
6843
43381
42577
23958
43504
6243
21758
7279
35395
27815
5249
30676
12960
33238
1462
41122
45220
22361
997
48394
38677
30300
47001
33051
26629
428
16986
33766
1802
45441
38431
27320
40079
33089
42263
6280
16161
21693
9219
3443
24533
39517
47419
15201
25153
5845
1465
22694
11466
4308
15830
10277
48457
8779
16863
6833
8704
25843
34376
7411
32385
38578
3161
37825
42739
39800
14563
13779
13549
43823
43081
2589
48100
16674
43052
39629
13421
4094
44199
11170
7428
13143
7898
23530
28858
10055
49387
7221
19429
5549
20406
28890
39450
30602
12411
14104
34285
37940
34368
22513
26058
49669
6379
5442
27012
26802
11176
10559
15897
14997
7572
43730
26841
30769
27007
47985
43037
25994
46124
15624
26672
18129
22495
18196
7097
29146
837
37897
20224
44613
25990
32932
42785
10854
38497
228
14635
27448
25972
22320
12008
40679
48295
15674
2053
4211
34479
31540
34896
36595
42291
24407
44081
13627
42552
31587
19405
43771
40890
22713
6605
10652
7563
33312
15679
41128
232
38930
222
40647
11363
28417
23603
36971
1910
41454
19704
38740
32263
35943
41597
32901
34828
35418
42462
28904
24354
5295
24286
42811
21662
28366
29401
29574
27126
38828
46461
49556
43557
11373
14060
14052
24152
41590
38387
17396
9097
49967
22641
3945
44976
33743
8934
11692
32085
345
39202
24680
30764
31824
23345
46088
1289
25221
3302
11766
23334
11957
126
47345
18831
35893
36208
25514
27084
10031
16968
10701
12511
37376
19990
48981
31209
27466
17228
25338
34251
49808
40822
100
8703
16542
17161
12493
46744
34547
15178
27518
33675
30748
24356
44529
47108
32661
7669
11129
21385
49734
36844
1190
21461
27874
38537
47564
33663
1637
19803
10321
9204
47573
38637
15971
39427
21176
25643
35457
30228
27604
49525
16082
33859
3319
30463
27419
7957
48716
48836
49483
26093
9138
8472
3788
10539
25920
16857
1006
21633
41028
36750
42414
6007
32909
28080
6987
10570
1217
21498
38805
30388
42444
10056
34442
32818
1097
5884
20783
43441
35012
15387
23648
47570
20024
8570
12775
885
3097
9487
201
41327
4544
43055
40700
31552
38044
45311
37672
32775
13269
34024
38026
45426
39301
45221
6813
4480
14550
21893
2544
44298
1933
6489
41410
33738
37361
2476
36788
44614
22372
41706
13382
37512
41004
7733
42140
43716
654
17433
27883
16772
27569
32493
3522
4483
13179
36533
16655
16715
9596
4710
30415
27041
36184
6158
5213
37707
44405
12254
10487
16263
38349
41032
19074
12425
19634
32971
40468
14467
47079
46185
31694
18134
12949
27154
26396
14767
43162
20810
42791
48682
14787
31115
42146
34948
22919
6706
49847
40324
7960
3027
16530
6438
30263
38862
45574
5621
25344
19761
36326
1926
37153
10023
18554
30858
34350
25836
43664
3216
32741
30466
8208
39404
39940
2492
17767
22005
19472
18602
30139
46285
26241
23701
38948
27306
49392
17593
22798
26801
14201
6356
33376
25112
33033
22038
40895
36493
5093
47648
30580
11631
33448
35354
29978
2926
39037
28252
40815
10661
12740
21105
6241
5219
19927
25762
35763
29668
29767
742
36688
13741
37927
3635
40804
6428
19399
4429
39945
8375
15048
11508
8834
61
48532
153
7447
30392
39340
30638
28165
35260
12185
30284
39867
47241
42823
20765
38008
38595
49207
40680
9252
48664
14829
14646
6161
15942
16523
17457
7188
31936
20742
19776
35412
45118
10678
35647
46321
40232
18297
35780
32080
22605
27663
34671
19556
37018
35972
8421
20154
6472
49893
7712
5
14362
14518
46104
25373
32975
12407
37390
47525
26360
9919
16802
19104
36388
49849
43714
3757
23215
282
8254
28956
49022
10228
41266
46009
28432
19121
48496
15051
42340
46315
47262
45241
47017
42904
45754
4136
900
15075
33307
25506
14999
1681
46283
17959
26065
39264
20881
32734
19936
35515
19572
17261
45848
29702
2727
42591
7359
46225
5263
13843
44835
16071
12762
32984
5434
34143
49619
27545
11518
25528
40188
43649
20915
30966
42307
44621
7575
33482
13628
3510
31348
8413
16737
6927
21206
47380
10391
21730
40618
9767
5856
9457
13611
5773
16478
16087
34399
10790
44601
27192
25330
24749
8216
10590
6495
12628
6887
28250
2886
32363
31643
25100
38342
36179
39631
32302
12283
29587
1639
12871
6811
30044
23354
13336
48178
48385
13279
20613
4328
34744
21423
37543
43220
23195
40059
5714
29458
16904
22264
33094
27625
19857
12102
37811
18744
35874
19416
17523
11361
40693
37764
30064
38457
29230
49059
12805
38173
30782
46145
17788
19865
18740
41215
3419
16054
38957
9696
9140
30803
39118
4832
14783
2832
30376
36684
4226
18544
48329
48476
47282
33183
19801
5481
41100
28921
10038
42437
20584
16679
16194
5676
28861
15777
11930
46333
9718
19665
12464
44526
30911
3934
11804
2647
7823
27864
38869
3658
24008
31387
33905
36606
35198
48260
19885
6097
19234
11107
9660
38152
21153
34120
21116
16499
23917
48072
8149
18140
34540
12584
2170
9653
31277
16163
10421
19765
29653
15592
34258
6107
44993
21322
36768
16865
40748
37203
48317
29522
49880
37353
37590
6341
2656
5719
22241
42735
48173
38333
15782
34895
7637
4631
30293
9412
31160
38007
14241
19716
10986
41489
16956
2456
24163
8153
30103
6612
16755
6109
30156
19873
32250
39833
26448
17510
22957
7014
3754
10025
37613
24307
5665
48819
7975
25819
6725
7547
43887
30008
34951
43950
44659
49133
47574
41860
5121
25271
36219
44609
34209
22538
4693
29153
14384
14927
23413
48359
23241
34189
2365
48789
14082
37197
17369
11963
21599
39269
20763
24918
6919
42207
5697
4309
6824
21958
44588
43617
31245
32653
18065
14954
20552
16629
5685
27610
1476
823
43976
19684
38344
38590
5294
20385
42947
15377
16725
35037
46915
44489
35028
26759
13495
23836
40291
31087
16768
46733
31569
23841
47243
41019
44339
16845
44579
32580
24725
24197
19539
37819
26257
15919
7288
1504
42164
36535
34450
1832
37777
37831
22350
24572
54
28896
9096
28737
20384
24706
30420
9466
13472
9833
34555
7356
5268
35264
2840
49850
25036
14257
20818
14507
33201
47431
22951
33596
12106
25672
12846
49084
16819
6739
22396
8137
45502
9507
11504
30202
45605
2351
8439
45393
4797
39894
34264
29125
23550
28708
21868
20046
39358
3412
21550
31585
34552
31970
23431
37682
40810
40711
9713
43815
23131
42900
14025
31629
29118
11487
39541
7723
29912
18644
14510
979
27106
18396
17221
2185
33510
5735
31113
33027
48087
42557
12038
13368
39117
22202
39561
32261
35708
33586
43983
34075
9479
27993
34840
1540
9493
8215
47237
5015
21019
6016
6810
49436
37835
29525
15227
2849
22697
21728
19073
19228
36017
15578
12588
33285
477
43478
28787
21065
41193
38317
13736
24535
7841
48710
1627
47529
1326
947
9093
27122
5590
23596
19471
48748
1695
34522
20973
44525
580
30449
29987
39457
16878
42808
28770
44071
21891
30331
40245
40522
19394
31395
20674
27394
3139
12083
38995
2997
4573
706
21593
21838
32378
36549
21987
5066
3586
12238
11681
25477
7860
15100
40075
40090
20777
39505
22345
29806
21528
44074
33544
21094
2192
21217
20102
4379
16834
33998
989
18859
22967
4980
13638
22749
11157
19207
20946
5584
42181
162
23524
8436
30429
32218
46261
44520
3531
40453
31088
48279
32407
43346
1196
30776
45067
39905
25978
33750
1158
49586
48085
28098
18697
43500
18434
22873
6777
24070
32802
32375
40660
3918
5056
1484
7408
3537
10075
9151
31865
35728
13711
45529
7675
27430
10762
26351
2933
48610
20247
45645
20912
13553
25931
43179
41261
2282
24768
47912
16026
2614
32930
49318
40101
14145
22596
5742
48388
14638
41500
1356
35563
43859
26518
47837
47058
23071
17167
46059
33849
8388
31415
37747
12024
45496
42401
2375
5150
45106
43439
46570
22048
2069
5033
33573
18738
49871
12804
28338
20447
45920
31593
27962
31057
36969
14786
41105
30850
10728
24778
45122
16001
44775
43700
18075
47761
40363
10864
24151
44881
43528
1654
10239
21448
28434
43303
18804
9431
3165
29605
25932
5103
4339
19315
10234
1537
8774
47324
23569
17412
42833
2299
21836
14196
18979
30446
10473
32127
15560
26943
39870
16744
20074
29172
24517
45303
37021
48974
45780
44620
3484
15156
47958
16613
43098
19632
27634
47053
49812
43279
44945
5562
3433
3861
45199
17219
10019
36067
38501
29471
48953
36614
28121
11810
28410
2052
19859
5537
7638
34688
48853
25357
41379
6130
20945
10682
14814
17770
19961
42991
13833
22988
48228
24844
18996
15879
1635
11367
42830
39006
39488
24501
43926
49593
42913
47901
3957
45972
12753
23876
14995
28963
33899
34138
42653
35774
6858
40672
1630
23329
10492
40138
26240
11125
5950
14323
6860
31464
40469
44468
2168
27139
11688
3915
22085
14348
47833
5490
29813
35327
17320
22187
22227
27194
12495
26766
27969
43470
26964
18875
34166
10860
36182
42042
31136
12164
16286
6993
41888
19475
22315
48254
29103
32827
15534
226
4526
22857
34456
44370
17741
18005
35817
27687
9241
8788
427
3463
33828
11433
21683
14909
47349
35810
40880
1020
1437
32449
6465
9292
26129
29632
41734
17287
44806
36837
21783
15667
42550
16527
29404
11048
34638
2666
25630
21168
30411
35848
166
20302
38062
3567
49096
9801
28676
20442
39417
24566
45968
5894
11184
27390
27754
749
25426
41109
46205
22909
20282
36592
4179
41213
1830
40663
373
36400
2461
32189
25379
36380
22467
16467
14858
12127
45147
14324
35872
38902
6074
4568
32280
2622
9002
32557
40027
35175
26068
4021
29980
7130
31197
2989
46947
32565
4830
1617
34159
47727
1992
19814
8539
35919
21824
3116
8393
478
27575
49230
36550
2572
14853
5811
36706
23237
1247
38964
31547
12530
13089
45258
32054
37705
46904
25659
4659
32390
34724
46877
40276
644
21559
14110
47845
18599
37107
49065
12123
30546
5979
40638
12137
12902
17792
44002
4394
24046
9395
23602
21960
16173
18028
39763
45729
33620
21648
38532
29041
42695
22185
20703
4338
4522
46268
393
35266
33924
21659
16550
176
36641
400
46586
37981
42508
44352
34665
10898
2694
39724
10892
25767
38071
48675
33004
16951
48117
25813
27010
3885
31598
39853
38641
9441
36853
46718
7579
25755
44198
40519
19858
7206
36396
21738
7505
35669
24462
2673
34261
10169
42065
1547
15799
11060
1440
16382
33512
35713
7707
2394
42915
31954
4906
27291
23463
27199
33531
34255
37247
16369
32090
25133
46478
13899
43919
1018
8825
35456
35134
33725
20470
6545
20948
33550
16940
45687
17169
37301
13845
25534
14894
27921
44920
1548
45638
14774
49510
49699
41714
45308
25729
6786
35837
32087
5123
14361
39723
41522
36317
27209
47608
15042
36305
47249
12030
34380
10186
17952
19014
42071
14672
37305
38943
41829
18870
18871
44906
10512
96
13797
44841
34843
20018
35569
46625
24671
4129
42829
39192
1499
43865
25132
14043
951
45301
41277
7330
26707
36450
33447
17521
18733
46774
7520
7078
21985
14598
3884
27022
6938
13882
46914
42295
22472
9905
11872
12409
32109
8520
33016
19310
19667
14382
11517
32860
25150
11630
37358
19046
43746
10036
1318
48808
29175
28966
31072
12702
32694
33279
13182
23502
13909
26726
30379
4811
47328
23327
27175
35174
8209
28791
1320
29154
12173
40028
43403
21800
48564
45616
12006
9578
21627
5870
38363
40415
40629
14205
36720
12739
36610
39946
5229
28436
31848
7998
18367
1923
21953
37149
3971
33301
11838
18479
4557
36968
10821
46230
3029
42566
17039
21306
39796
22486
5572
24478
23175
38517
19569
4077
9103
3004
19897
12483
12157
12531
26652
29476
5145
1866
49749
40724
4219
11464
24851
3296
714
41049
31757
2615
11479
16536
29240
28474
19469
23783
47212
16429
24447
35215
38810
13118
9237
25337
38744
7347
22677
3507
47754
47256
18560
27601
30589
16742
20753
14347
41110
33115
1285
19166
1596
620
30740
25462
28021
22016
47660
7597
250
20755
14879
12618
20752
3593
30329
36039
12460
2541
40535
21748
45765
34742
506
3943
34365
14851
41804
20771
16472
2772
39913
49461
45498
29086
38397
4592
3465
36630
37047
9085
7625
45643
33321
36084
38940
15539
36746
43709
19084
39177
3630
2871
48662
36312
32643
33149
23078
31122
14679
2695
26994
1549
21303
38500
21642
22651
11457
17218
40885
18719
40855
34502
34835
17772
21594
46713
28725
9776
8049
18020
45877
28325
38033
18561
6171
333
6083
9141
3049
10713
490
22817
3045
35498
21935
38036
23858
41024
49946
29513
43514
2216
34735
5494
15281
29966
2308
19508
39545
26317
719
46473
21404
7986
33080
26380
31429
32484
42475
13681
30489
24653
28244
43560
2537
20021
29336
42128
2837
26941
38124
28032
47766
24009
24873
39639
3784
37534
28191
23103
34745
35072
35050
25905
10385
6527
34716
23645
10090
4663
793
30383
24797
19454
30768
6548
48438
10824
21747
44689
22755
30031
12204
29619
38480
8673
25638
34633
23546
45288
35863
4752
49037
8138
40648
3734
35871
26405
36687
45381
13774
3085
31086
21539
21453
15738
9031
34491
24674
4137
576
29092
49999
28634
31421
19774
39256
27227
7214
40479
10088
19312
39459
47684
10583
27524
9417
26607
31916
10367
23759
37246
25718
37978
26737
1768
44394
14395
43252
7322
2701
40778
47738
41607
31750
44905
39478
8757
31310
40342
27148
24747
48539
34083
18085
32428
22060
33436
30194
6971
19127
41663
8764
31753
17876
43598
30559
20205
34250
43888
40589
25654
44040
307
14541
19384
17676
10736
15559
15885
47513
5300
23895
9176
25850
29873
37365
21358
1292
27173
13698
25439
26598
36032
16943
47565
24351
22070
12672
48293
8658
25701
48075
19913
4292
15690
8994
12295
6090
36621
32898
29323
18228
2380
38838
5089
22095
38592
41307
14612
44751
42125
25992
41554
30088
28141
220
48694
28968
7738
45013
3546
22950
49261
19985
24414
11912
44503
43239
14740
16318
22237
7958
40977
34270
19033
25542
6507
29546
45789
20149
39674
47927
42856
26546
45710
35939
43741
41979
37485
15867
22706
37354
28903
26404
29695
44469
32867
24136
27352
5146
6313
889
1268
41705
17223
24665
16370
22952
46438
11548
597
22283
15204
39010
44440
565
36346
5933
32893
49356
13653
39271
39203
7795
46753
22316
27645
15484
10593
15756
23586
16948
8820
39311
6769
43505
47310
10982
48520
36036
46883
23593
44917
46763
3942
7453
35765
41953
20440
364
36081
5293
30913
46589
24591
15895
10438
33667
2038
41648
28887
44026
31138
34017
9177
33941
48584
27064
18211
38923
35360
42119
41245
20187
3376
18889
45666
20931
35861
43447
32495
14652
29877
39370
42918
25985
3654
4018
30094
18832
11664
6446
16433
26869
10420
43428
6890
19440
31862
15402
44910
28024
30616
3298
11521
8431
14584
11140
31370
30101
13473
27417
37453
27461
20105
8574
44270
33581
30644
22793
34107
3519
47354
46759
26756
1987
20094
27130
10719
30079
3727
13539
44168
19546
25739
5075
12308
30563
34153
39288
18739
47045
31997
26113
38778
41003
40307
41352
21983
35058
45196
24548
43642
31205
4918
21571
25619
18455
40718
45702
30609
12393
1638
24468
21072
31368
31843
45749
47442
46046
16181
12178
484
28298
1233
17267
23723
13973
17181
21529
2084
33426
34768
15875
22242
1541
1724
31829
34249
1203
29270
4668
45644
7599
33292
3768
38283
7821
40985
13037
49652
3260
37399
13752
47512
27137
17967
33761
49034
20845
24784
11350
42332
26837
25159
49258
28403
11711
2469
20301
39620
36921
5290
34543
19244
31490
46108
8733
31728
25857
34321
24537
775
40709
2189
14683
15248
43761
39046
11221
25973
1789
34911
40943
46750
19763
45295
17030
44465
16036
46271
6869
27346
9430
34009
11882
41087
47457
26483
44956
21786
3526
13080
33221
47984
27973
27834
35135
23507
8210
14468
48122
45085
40496
27583
9855
19646
49642
6311
48516
8581
26528
29512
9849
26400
23217
13511
20119
34423
21637
31166
34820
23943
1074
23332
341
42081
44716
9709
10012
43021
39721
41174
30363
49982
23944
16585
18534
15800
8501
29433
32829
20618
17429
19586
43621
43548
40358
28907
8043
31294
30915
26080
42349
2951
27318
1791
32739
47771
32435
11198
19215
11535
22064
2107
24346
30307
16220
26267
20305
13218
31484
34591
12539
17687
27509
22329
17483
43214
31702
32925
11748
15513
4307
17371
10351
9877
33267
15572
7801
5531
49535
4277
47404
6758
32326
43696
11975
30408
14946
9670
12288
26951
13310
20188
12643
44565
10608
46623
24864
16631
49196
14600
30727
10006
3326
8117
47483
4322
13667
28301
35699
49401
21357
31232
16133
5471
27403
43151
5051
29985
6967
29659
11915
37926
45782
23372
44563
6852
1420
29953
39512
47226
12813
41528
22672
40737
7504
13603
18476
33785
45384
34136
23380
5495
9324
45623
9502
29349
28416
40111
22750
20324
42554
9251
35228
44448
9016
19796
10174
19092
44080
48064
21811
39854
31013
16038
34987
1304
17406
38588
42901
29623
36516
25209
306
46865
12915
14618
48766
4358
26935
25349
4412
30802
547
47986
15379
34103
18066
22656
33178
37073
13404
26760
33685
13401
3999
37199
2958
44670
32024
25700
45408
16673
33502
6521
890
3551
33029
47548
43614
38615
4735
43636
19979
33704
30518
40908
36071
36519
4360
49167
8560
45668
661
1214
37479
21946
42751
26168
28393
9254
18578
23516
7459
3392
15548
29106
12660
35920
11065
31106
33651
44180
34914
27512
43376
7255
17078
49874
32329
22533
49846
48950
38281
46171
6854
17248
31438
32334
31656
38878
13403
45377
36612
19677
34752
30597
43145
9275
38968
346
38756
9771
18964
5610
31382
13455
41586
49602
7315
5957
13052
13231
22322
879
6940
37422
6680
9900
15720
46118
11520
17072
27500
22148
28974
4291
36823
39670
38116
48262
24428
44793
42480
11592
49733
11397
2878
20331
4092
8556
21228
40083
44818
34039
47050
42909
18306
49375
13409
37624
25979
40488
10057
28603
33147
7866
42790
13745
45693
19427
16252
37730
8081
37574
48972
30304
16189
41699
20264
17860
48579
43669
45609
27636
24486
24202
19189
14443
14175
17570
49001
47907
36033
24567
48648
28267
39769
35596
2636
47523
15302
27667
17548
29467
40925
46132
15503
5786
21330
40393
32083
11794
10205
39637
25580
6477
14557
5186
9261
9017
43870
37081
31319
31235
6952
37439
18424
42969
49645
24734
2979
37847
48680
35868
17296
26924
209
44598
2961
1895
42335
48862
47362
23882
677
21066
17893
25950
41268
16417
2230
43388
31105
45364
14197
20462
6402
25158
42087
288
1772
3717
1448
28549
27376
974
26322
1079
39710
6056
5969
3380
41388
29029
4252
3540
7652
34100
45060
38883
32729
38421
10811
44052
26158
49050
12757
15415
41359
45785
13156
26894
43632
20717
39889
9234
34857
2304
17634
18272
26717
41857
3798
4390
15752
19280
6826
27817
39520
48152
23105
38465
32411
49282
46578
28151
34989
32989
3620
26574
5868
1290
39087
45340
21327
15652
20504
6249
35042
23929
11612
48643
15181
89
33749
44864
37854
5831
11876
42841
30794
19336
39673
8518
30123
38776
45571
38804
47407
34804
6416
21673
47591
45712
25617
39334
34692
30334
33110
13314
42047
3739
29667
22106
19886
28750
44034
23076
36794
9812
6946
1578
40099
25834
25366
38073
21560
47273
7918
33762
46156
22386
24780
15637
5548
29405
10544
27303
18828
16139
38630
23500
37912
7532
16645
43398
26204
5633
37625
28744
11236
48096
35946
41955
38389
8416
16128
49806
1932
2098
15888
27812
44490
10314
34377
15037
5927
14893
19285
26584
40579
22975
12705
9269
18734
12309
27278
626
40035
1760
10112
4163
7869
11677
2338
44612
42477
2661
13393
33539
34586
36935
18409
29174
13301
31396
29059
7536
29756
21360
34337
31953
29781
5722
28509
29637
25463
42667
20267
26710
22996
16529
22931
9053
49192
18595
25959
37638
23842
5717
31854
18090
48034
5622
9197
19282
22862
3400
3126
7210
25779
39415
45392
47006
30426
30282
47511
14342
9739
23747
20689
20871
38580
27905
43552
75
38282
41861
1671
30694
27382
41937
36115
40425
29217
29835
14499
36462
36879
23424
39818
39716
9346
29311
2203
40710
28139
37716
12301
27729
33910
32491
13963
5939
26989
48441
20567
31009
40876
980
8046
26000
47468
44779
14828
572
22448
11754
29805
40299
10504
28180
22810
19168
47779
45984
32512
48574
49604
30384
5761
27371
3559
2995
20242
13763
40233
15884
35884
768
27439
6142
27216
44244
26684
39698
247
23822
564
39238
10257
41056
38520
33118
16773
38120
20039
23789
28313
19357
14106
7044
37748
20088
16428
34173
17191
21004
4983
4103
14815
19755
12207
5052
31114
13122
8426
43032
15153
4225
28235
938
466
4991
47144
40442
47510
34944
24173
25675
2050
35262
16007
9088
29636
24736
26116
13860
30256
37522
37952
26523
36194
4837
19826
44608
49124
11296
36694
40290
371
33181
37325
4041
21638
30296
32639
15442
3315
41497
44172
31341
30096
49210
38786
29485
46332
41195
39377
49621
29797
46245
27268
27644
48280
13769
18545
34002
1104
11862
10716
17722
8659
24117
30317
2341
35758
49674
985
20575
20423
4232
7056
46312
48706
9182
47616
23754
21629
11946
38371
2209
23504
33008
42795
28075
10446
18261
39027
145
31902
26904
44194
10444
4317
2557
32131
31895
49278
4842
47198
6294
18840
31451
8784
2455
34705
36591
4418
21150
25400
28372
28362
45078
3822
20450
9932
33677
35568
36542
44145
8522
28534
38953
49913
26197
37386
8832
30558
591
1721
43475
44078
5770
17856
45063
5803
5179
30314
49228
10106
12078
27527
31560
22050
49475
23300
30399
33693
23805
25377
2289
16745
2060
16012
22735
24879
14179
9224
23104
20362
33126
46530
17771
44176
31256
2631
44449
32790
28588
7353
42347
46940
13005
18052
38998
24810
8009
28466
16507
2677
21949
38664
44997
19992
39801
38483
2829
14476
33316
24289
1889
17886
20864
48734
35208
6583
396
8699
39481
27362
29641
44971
7868
49168
45497
47588
28598
5173
7355
28100
25820
9489
12881
7791
29207
2343
29009
43459
14129
29254
6969
19662
16094
45755
49048
41799
7770
16256
22777
25013
8527
16023
6270
21721
25165
27321
12721
43258
31944
30885
49543
32144
43908
35613
26870
17851
48896
12773
34335
1013
35033
30485
18265
4885
27358
44959
36898
40082
35484
35356
20950
9168
21180
31080
36925
2660
29070
7561
39719
46427
37805
11499
22153
8667
15375
23244
25129
38298
43424
37947
16353
42674
36015
43720
21282
15097
39240
30157
28008
46406
23624
16615
723
32646
27082
25502
41976
28349
5816
39348
35839
18848
9480
39054
25491
38032
16668
30565
14959
6120
31459
10814
32457
33250
35330
11239
4224
884
38545
4201
14731
45412
16543
23655
28804
44717
12737
22872
40562
30474
3050
34715
18320
1284
37478
646
21435
41992
14631
33674
21403
26926
45112
24935
7286
42750
18803
44185
13710
12479
10789
46179
8857
28479
15814
49432
38916
34734
44433
2639
42163
29819
46748
48354
24498
25949
21288
6701
22304
10693
19103
16332
43076
14431
22063
41945
47152
18250
33732
30840
33483
46945
37476
12132
32253
21208
7024
16853
35294
42972
24430
35344
20926
21702
28619
111
43460
43715
3084
6282
36929
19082
42024
1258
7284
8063
29192
17438
21349
4404
25852
608
21390
47906
27018
36146
10725
20766
37602
33437
26182
46086
3745
11783
28378
33202
43333
21093
40861
29901
10697
47695
18533
32853
29156
3346
33739
13531
24424
35259
33232
24551
24514
38701
4607
43479
8083
14311
40141
15848
38771
9946
48947
13410
36855
39329
25242
14345
42246
7783
49365
15857
23107
7914
17179
2431
45641
42643
13180
33639
16929
42342
64
44241
46866
23311
46664
20114
6163
20980
34619
3110
7832
11594
25066
39891
47454
26012
5217
15793
34554
25433
40896
10966
47870
72
49769
21837
49990
38818
14061
28600
48143
28
49930
41933
32708
2818
15203
23776
29882
46228
45210
49129
17117
30323
42190
2214
7370
42458
25091
31681
49995
22598
15466
43624
1893
34113
49310
36480
13324
721
31237
13801
10190
31890
40355
21088
7193
21074
49135
43860
45306
27719
16203
43904
23684
26937
35838
24389
13507
44928
10347
46396
1575
25685
16480
46678
38268
13335
27003
11325
29663
12836
18190
16151
17168
18332
38206
17263
41120
44153
28729
35514
44350
24119
33990
5094
8734
48009
25401
39208
7888
4877
49513
23368
7145
37306
8861
16720
25046
4958
40156
33597
13029
42629
38223
38686
41363
20142
23120
22845
25962
35248
132
29571
3525
15124
40343
41887
21081
20160
37333
552
7700
21381
15267
47340
26338
37969
13988
11806
32966
22475
23790
30976
21350
27693
31253
9135
3868
20041
25010
26432
8042
35717
8451
11865
14426
18625
33400
29238
35725
39743
25167
13155
6231
27942
29257
21874
42264
18542
49781
12856
48408
8070
48244
6415
5038
17166
48367
35372
49559
14411
18937
223
33458
32591
48570
24872
10474
280
38350
4062
20468
18000
8257
27365
37052
36848
38983
32467
32268
48410
1123
5880
5336
38759
17694
49972
34953
15533
18099
38170
43961
31678
12732
7558
30941
11144
24369
16216
13952
42661
3523
16462
7605
41872
35907
38145
22130
29480
46073
26239
45442
10720
45182
42484
31893
49998
21497
4311
9766
38612
23442
43539
29202
37665
29860
3689
37068
35520
33589
19148
41417
30011
39841
36046
44498
19678
44666
21756
26722
21024
30209
4964
30532
7654
39738
32406
34968
16254
25017
19216
40964
37639
29540
28231
39430
42665
2232
26720
26090
34025
11582
29171
12028
7959
46706
46993
21761
32870
18303
44492
6988
18761
19348
47622
16371
48824
4973
37536
26813
757
20513
4359
4431
1009
36563
34348
14045
28183
20843
33584
7473
4538
36818
30026
48196
3932
3202
11769
19333
49609
32582
3504
37067
44200
25780
40244
27311
9783
32259
36021
48350
8346
15465
33528
41532
22805
46970
11147
23297
6692
17479
48448
9083
12979
8170
48171
41233
14063
44372
7456
32692
28040
26530
42367
19115
11660
29703
35047
6968
12736
16683
9550
33025
5683
33336
31323
32267
27579
33640
40507
18301
40639
12117
41231
42124
34402
8207
18754
16821
966
7040
7971
33883
2105
1907
31246
12959
15931
9508
6711
28943
19173
38793
4052
4332
33865
14917
17647
22717
32951
18079
6375
1225
10440
46593
35797
736
38141
31535
6396
6168
35744
29891
28567
43923
23263
43314
14425
40547
22196
23529
22698
39939
36237
35929
38000
22133
49125
16505
18123
44844
3000
33773
25383
10985
18398
38294
25063
23814
23439
33397
16563
16135
2630
20133
13019
43749
19382
40665
46544
47452
1918
38738
16238
19111
13922
11384
41592
6591
43502
16015
48903
2496
19078
44962
49087
27848
38516
4223
9570
34131
31270
6941
16245
30368
33000
44549
25405
46772
43166
18192
21362
27388
13955
45599
12107
17514
20874
38972
6518
46986
29602
27856
33551
44126
7486
531
29477
35263
23151
30517
20240
48246
48451
14351
2336
35442
20259
20974
40499
389
10130
42149
42569
31175
36982
29990
2427
8869
31780
12067
45316
30270
12337
14188
3131
17912
38845
9500
9807
26829
2504
41153
13380
18359
12441
10400
6683
47392
37809
30269
8220
1734
31135
24464
26809
36154
32937
6080
24027
5453
40125
41995
37761
20055
49027
45474
13744
28193
32482
13004
5382
46878
25300
25003
15538
25768
29992
41640
31118
30569
13518
22191
44919
40515
1359
2710
11620
32418
24108
8593
10558
13645
39656
30161
34679
27513
49136
34157
14796
3445
42073
29925
49064
20694
14548
14717
29697
21025
117
4370
30198
7159
1007
34802
30620
10765
35494
11663
2896
1706
30841
41936
33516
24627
25191
46951
33440
21639
39097
45467
34366
23240
23248
5063
21768
32295
24570
10146
19275
38200
20085
37452
14003
35113
34238
23052
9349
28352
13760
9049
25048
28674
29911
21942
27391
146
36972
844
40646
12982
32510
24684
27522
19548
10020
25577
22584
44090
32285
22182
48681
41477
35143
46990
41623
28311
14396
31654
43380
48605
41422
47155
2786
9353
9996
47922
38770
29023
37053
37302
33341
22829
26121
48796
3944
6660
20095
45946
457
40852
32286
9965
9608
360
11432
25182
45614
24688
46921
33879
42955
42709
29290
7760
4722
19213
30154
9506
4416
32355
5569
12306
2296
43510
36318
45406
40953
31251
11063
3575
29831
44206
31098
2155
31986
10688
18175
11961
32063
32065
4171
27897
47208
12958
4609
18227
23934
47632
38227
15625
18254
16118
24272
47156
41750
8478
45981
39815
1493
12875
48379
11315
6314
6741
37839
6137
8238
37093
49179
42014
8066
29738
20723
30468
43002
14474
44926
25024
28376
5812
39057
19645
9802
19009
8480
43811
20679
42603
24804
6150
32659
39568
33595
10723
20506
42592
46707
22177
38858
1672
27802
27442
15131
28381
30904
33308
20532
48508
18564
7074
34181
41934
44861
22194
27200
26662
6515
19034
24184
24762
35021
35458
22115
44202
24011
44794
16248
27287
33658
2101
42205
7710
38642
10795
42055
1747
725
49856
45867
46376
42619
49463
24923
5635
16305
11571
2355
26550
16000
1702
40599
49403
46650
27767
10637
2594
4597
16710
31448
19653
49355
19971
33197
1516
42228
42626
23969
7061
32815
1589
10330
16244
44712
23216
28276
4957
4393
28063
9889
33886
833
29396
48512
40322
20132
1576
41563
6019
37155
27525
31458
23440
42606
7427
40654
831
1536
36623
20988
37614
41606
10100
42459
11029
37552
41907
14649
14933
21885
34643
20307
21547
15137
42700
16055
29186
43605
35546
17617
10018
38204
10359
2890
45405
46928
49036
11242
42168
40257
46212
39588
49971
44943
40915
32720
23203
4144
2029
36383
10213
25941
47664
6578
46374
38090
8536
24064
34567
47163
32067
34201
11547
22330
3891
24664
22090
21201
16153
5550
7767
16379
44591
26005
23861
36090
36441
37089
46193
6456
23798
46752
2913
30465
7471
2072
18465
16100
3199
27607
41362
3951
31201
16664
31529
37945
39668
35833
33627
15703
24859
44162
22351
15675
401
4258
21366
3242
24693
32408
39696
35038
8972
36686
1037
35391
31558
13088
13223
5959
16372
14845
33950
42527
29932
25346
35866
40658
20800
35689
1159
23458
17908
13457
1389
44455
8405
28027
21886
13795
42250
30887
11892
37260
3900
37535
36157
40656
19549
20278
46343
18703
35066
14170
46919
4774
19957
15744
20033
49899
5998
18706
32723
34433
46419
21612
49624
840
47894
34780
43818
35779
8548
32446
21628
14498
10296
11009
43202
19149
10287
617
23866
38574
28563
9967
6362
33077
3907
40081
44537
38493
40194
34326
46654
14607
49018
36797
8870
1011
6682
47992
7375
23470
5131
29343
13493
7754
32505
23232
6738
4506
4785
40273
27573
19860
25014
4200
11308
22140
25929
49134
6681
21353
15963
32665
31092
15028
14412
32339
24361
28033
45121
16937
15477
38552
44027
17991
28937
46689
14016
10866
8410
29821
17899
452
30455
43629
39792
1263
40803
39666
46344
17718
31847
19260
9750
32892
41676
17363
38979
34570
13444
25239
705
42761
44824
39912
29068
41996
11615
34427
7278
9765
17651
28159
24911
8563
23780
29551
39983
37241
37158
39274
29724
22765
36092
27490
2872
27357
14488
5763
9884
20851
49353
99
30313
1904
1154
8332
48167
43848
23317
8197
38527
17356
42287
31887
2765
48055
14299
8403
22433
25422
31207
10050
30785
24518
49208
45993
10306
39636
3439
15918
21527
4
16911
17632
14883
30716
27523
35615
24843
40438
4012
13927
22346
16328
41954
35182
45323
14429
49658
28431
783
18818
38414
33616
48851
4648
47915
44925
10672
22567
41408
16214
8460
45400
31170
17122
26191
10331
45145
2683
30561
36777
34082
13225
7089
18922
33224
5828
45100
5798
32433
39622
26536
47666
27686
6770
24946
11936
6985
10955
28229
5102
50
23493
39281
31269
16677
25004
330
497
41458
29807
4202
44039
5556
38654
24179
48637
3901
22474
46178
4777
15041
46446
10600
45715
21068
35377
7096
36060
27218
10649
46511
6005
35240
4435
5050
26622
21114
9420
23478
18968
9073
19272
48544
16975
45585
3256
16909
41741
3947
7107
28297
21704
2283
10722
1106
4533
37698
37261
25763
31099
10634
33491
10215
24601
40846
36142
32022
6127
29777
14123
15636
19734
594
18098
9352
9244
22023
40619
6516
22089
12419
47642
3397
7126
32062
112
35701
48025
44279
22125
29792
27932
25856
21895
44648
45680
10102
32
19298
16169
26094
46527
28167
27571
4381
16999
5423
45357
33498
1730
34830
655
38379
44456
40594
2899
10644
28273
24107
16917
37344
8540
41347
7478
13615
6331
28089
40195
36389
32967
24083
9087
38327
35013
29327
25627
31920
13704
4689
21934
19270
2426
46131
11177
22783
32628
41776
41912
32890
34079
40786
37801
37544
7820
18377
8896
28709
14041
4173
45760
10990
18776
20757
26638
41396
41453
38180
39401
4274
49676
5984
27342
39542
39484
21635
47311
48639
188
4545
46832
17866
4296
46539
1947
40684
43776
43584
22297
45565
40298
6325
11227
49743
44545
16423
12553
3879
15077
44289
41312
14228
9018
36055
33985
9437
26411
24258
20136
41189
37808
22575
387
19406
30950
32168
37878
48619
7397
48515
14591
14469
17197
35242
29545
28127
33813
19581
35760
43663
40917
21158
8566
29516
10404
8345
16387
18378
34589
18927
41148
14417
42673
36677
35878
21876
9381
29778
34794
42805
45813
20737
21166
26797
30114
3527
42137
11678
5115
49476
19711
18861
38123
40170
43826
37689
10329
21896
42539
48179
3623
2810
33382
34758
23462
3666
26459
5414
48256
3
30067
13880
4457
21790
9885
42967
9936
18763
37586
5501
29198
48053
3382
38910
46164
3078
35089
7332
8542
48222
25841
39619
27814
17135
49584
37289
48913
3230
19715
39001
42141
2734
40104
28748
33686
46541
8720
26300
28799
2479
31804
12047
7506
26500
30570
9033
32631
45313
19055
30423
36807
21108
18692
49138
11776
876
17002
3009
45198
13785
1707
47224
2503
24883
22383
15236
37735
40071
40563
28013
42454
40867
2905
14295
28953
47895
32260
13684
28413
16049
49716
13994
24722
6081
34371
15988
40064
8404
4421
39735
6175
41645
4373
33560
33683
44715
9250
46458
31720
5368
47585
44389
28243
14479
2749
46516
11562
25710
32797
4061
6025
23542
47455
9620
45658
26048
43739
37683
39793
35557
6145
45093
45124
46141
34289
36867
10163
17014
25689
19594
46618
10911
38244
13137
48203
8627
28076
46070
5511
2061
43461
30100
7405
24850
6207
43282
41259
7628
18454
5754
10145
16806
38661
38616
13964
29699
8991
37083
15906
28405
6670
38685
13881
44
30653
9065
7251
20472
12200
17253
15454
1968
30853
22382
11126
17044
6654
5826
28446
14885
6072
39584
10674
18745
44004
42136
10909
24222
12510
8758
11683
21392
463
42702
17590
1744
12814
37587
6550
46418
8402
41157
39533
42516
12162
17884
10316
15098
20671
31767
42244
33783
9060
6912
8177
3964
7995
16638
6566
29536
6790
12542
38994
19
32711
48291
23099
16718
12712
15797
7992
17992
35095
41762
38751
47804
36626
42186
35743
22727
249
4949
21152
14900
29000
36106
14112
15926
9221
35430
7943
25579
6879
19709
18436
33734
25742
16981
41763
32776
1140
2250
31471
39590
18880
45235
22674
9459
37300
20976
13858
29729
13896
16669
31445
4382
13166
10717
32837
43015
39772
49019
36816
2975
23491
30287
41262
46880
30053
48160
21609
8652
656
14486
12154
35694
47085
44699
48978
42704
44729
23163
44680
31453
38265
18571
19180
26932
3111
3395
25964
29908
47569
9762
24620
48665
10641
16399
28402
7865
41854
33370
34026
24882
10910
36254
18273
6276
38198
31216
45150
19236
29475
11360
2102
47397
46257
42203
20349
39601
12447
33194
11690
9317
4350
36384
45892
24493
49520
4680
21252
39904
1950
11782
41850
38900
23224
12824
