28285
27424
18810
19679
23716
29380
33305
41729
5911
9603
25846
28454
29704
41966
17338
2811
45953
41030
49804
12986
23545
12158
13646
46663
31074
12640
42710
35465
17467
7623
40984
22550
21715
45263
19245
31089
12149
25543
27017
39138
40023
41811
9733
33273
31556
42490
28457
10548
22337
41167
48811
36500
30223
27731
46775
24186
20559
27437
9236
43516
44082
15537
22168
20528
28543
47228
25039
3716
23664
1182
22925
37014
7144
13755
27882
15351
3099
5468
47215
13148
22332
5967
9342
137
31700
5259
21216
4335
16413
47290
40927
28781
40972
42997
9281
14186
30975
49232
29267
42769
48150
32679
15877
13538
32538
25482
21045
30158
29963
26733
18984
8670
9992
37275
36089
48479
13290
17463
39860
10612
32115
44682
35308
39550
34936
34343
5169
3393
9695
12611
323
8236
45900
6373
19884
895
35579
37691
31204
22479
37630
14535
33213
27149
6085
46089
9970
16503
33831
25488
5919
37012
23242
33713
24075
30273
3565
2994
39858
3441
30551
39476
10123
30724
9144
34435
15056
44011
18931
28834
4888
32521
28971
17310
40767
16443
8884
48912
38985
24605
45144
29488
42442
8415
11334
38971
24161
4053
28355
23799
39808
38668
8975
35795
36937
30229
35930
30171
17787
30272
35414
49527
41918
6252
8304
29845
40121
5362
23751
2041
49344
17290
8727
39600
37264
28445
1775
15663
32882
43280
30343
21178
1925
12613
22263
34060
9655
23141
36842
15368
6264
48473
26647
22129
34480
42675
13945
27405
1163
7155
41766
27468
32535
16268
30413
32771
43454
17869
39005
20463
1988
24607
19692
2356
41895
46605
304
39230
49206
4271
22587
27132
33671
25798
46843
7540
6391
28913
43224
28492
526
20769
7643
13895
2124
39836
49751
25435
34549
8578
14807
14625
40605
10024
2999
11497
32106
16916
17682
3840
45398
8012
48416
32854
32911
33809
22509
10063
6453
2898
40739
30069
48772
28435
40292
18161
45691
28499
16075
22068
25915
29924
24114
17416
42819
30344
5028
39960
33099
38589
49634
4934
36058
11590
7635
49169
45268
17839
43117
44392
42797
13078
47865
1086
34352
19950
27177
27273
22899
42261
35046
2703
49421
43570
41023
14424
39075
33013
43178
48315
30688
27184
16586
29176
49110
49663
29657
13976
33798
40591
19828
27399
34932
33022
30377
23047
2227
28067
8327
22903
929
2016
48340
24746
45899
39051
46850
8110
11567
12174
49382
17909
31845
34965
39327
47067
14776
1685
31102
15828
15151
12522
13129
12487
14472
27073
43593
46585
13299
13489
21281
28724
41382
8190
24129
3042
102
29627
43499
4943
42678
3290
6101
11304
12084
498
14857
9949
36324
11563
46695
40655
42992
27600
27953
12859
23394
31577
10777
33519
35517
11076
34063
3076
26055
22379
12121
11942
352
20677
42655
28803
37605
5807
3140
46450
9447
28733
22889
36187
36967
6119
22884
8885
3922
24510
26911
6409
41818
45639
32461
27716
22836
29759
13712
40664
46526
25125
10552
49030
26592
4649
8802
17316
39089
3889
10992
1599
5429
35104
27749
33296
30327
10908
40474
46110
16611
31822
2470
4655
47546
48326
38151
10224
10083
37782
2797
44643
11179
48224
22529
31143
3025
3179
735
26327
32265
19043
38455
6749
7772
48300
44463
14555
43992
47891
33442
43549
46328
35816
10092
871
7336
31167
13090
2315
35421
12684
38092
9543
46564
3652
10207
39294
5551
29466
5627
481
38347
44134
26769
21519
22984
39882
44521
44594
27627
16300
21562
21293
43512
10398
35080
33369
11609
35126
34730
40338
42147
29443
40248
41048
3588
43650
19161
5902
1205
1658
28994
41409
14945
10750
22004
38194
20746
43563
33310
24068
16003
4856
34406
25892
15090
49952
20687
27241
28071
22466
6400
17260
8951
31100
35332
18507
13416
11212
7137
6112
39470
32140
6376
15883
38922
31609
26880
37871
31008
17606
11751
27004
30498
5493
36882
24054
43337
37629
10877
16393
22356
2145
43839
21537
40740
47348
9218
3066
47645
27582
39391
23954
23289
30949
17812
39339
49419
134
17790
10872
6204
47743
19660
29910
22127
28326
44817
26135
34415
17582
40424
13065
39606
22683
47989
44079
45286
7951
227
33237
3188
23417
27774
45857
24658
37380
27714
42392
14538
4217
35078
30345
8077
11501
41611
38357
21523
32163
12476
27706
8925
9731
33623
36695
7045
4875
14192
24524
47042
48021
35877
39473
39535
12491
10030
15765
6614
27183
35733
46906
45
3684
24148
1146
31691
2037
26403
27088
37490
43909
22943
24713
10113
26846
30335
31258
49158
4646
35257
165
21359
33028
33090
49504
46800
28809
12196
44165
2350
30857
5999
40593
29772
29429
45109
46256
49594
41126
30955
46251
35276
43308
15751
1941
17389
21948
47823
36376
47774
49660
4743
6020
5491
11422
5202
7929
25189
33463
38905
14334
24390
4840
47759
35250
17969
35637
40184
48345
43521
45863
27592
27215
26936
23703
43342
26092
8449
11333
4517
42658
40875
16651
48787
27580
21043
30630
32822
36529
42878
8115
6589
24087
32610
16985
5656
16017
47542
49379
43726
15187
279
10941
40685
28323
27454
27117
17422
1287
22206
31470
7829
2490
20511
31906
23006
24555
22035
14271
6963
35921
15315
33772
31932
36889
2213
36278
20655
16842
28174
15274
7706
40060
26096
36003
29049
2303
46207
25263
31476
37245
29610
8811
33647
42954
8256
27191
39482
30353
3978
45077
44891
3678
3292
35611
49328
16028
44391
35490
28000
35223
3515
446
26577
3304
3203
19643
23592
26425
29843
8979
41472
30943
13453
23591
41378
21650
37248
7541
43210
12548
690
7602
43102
39532
7511
26817
15468
38816
43764
38064
77
18488
49151
3227
23358
27051
41808
1559
21133
4786
11597
44541
20654
24230
33975
10540
33923
17801
16232
24048
46284
40850
37931
16838
19170
39615
13198
23260
42412
14698
47344
20970
29044
38070
10477
4746
2329
41739
34149
29583
40207
9582
33665
23157
49270
32552
17586
41666
49055
48325
7997
45858
44427
39003
32112
14687
17977
47718
5254
13000
7616
30583
1034
14062
40830
36463
22573
7531
8828
39887
22994
24809
41899
6209
46470
43634
17123
48740
21955
48633
3020
48185
32169
36125
45475
28580
35188
30977
44315
28061
27164
30165
22680
15950
48033
28074
16627
15949
21701
45906
4621
34784
48975
48761
42589
45197
34347
25208
36616
32537
44335
23961
21526
21170
10437
6857
29261
22868
5211
12388
46507
49080
48653
41806
39426
8444
39607
39638
14154
49189
3913
37830
47809
1799
3814
24820
2273
49213
30407
32594
10265
44743
41932
4864
31403
48541
35506
47593
14764
49895
1641
12071
11380
18209
39451
49740
45254
48406
1311
39023
4615
40811
5315
10648
3649
22117
7897
47936
22036
24106
41568
4629
23966
33367
22936
21608
1500
10049
5171
20389
2378
40644
31830
9115
49894
10568
10064
49615
32303
16938
4391
22982
8361
7911
28626
48875
7676
27730
5460
11623
39829
21906
32920
47418
2318
31365
31271
28875
41136
22371
18275
49398
30497
15590
40485
24997
7658
3582
32100
44546
25907
35508
20624
19030
3851
35076
22159
849
22081
33727
3145
8194
19946
13585
8225
43576
23915
44629
1804
41038
19911
12031
3847
415
41604
16126
29066
10251
37896
40825
29514
47060
13524
1732
9361
4625
33917
12863
9266
25363
44641
6062
18117
42403
11549
38119
5339
22037
3875
4299
3977
12336
13167
13160
45272
41662
20254
33948
24169
32434
46974
27737
6955
27059
1881
37905
46137
40178
47398
43545
44969
30979
45126
24195
31416
41801
28653
22065
14204
10846
4141
31805
12011
21753
18664
39219
43814
11510
17843
19477
25635
17361
41736
10455
28303
1570
46981
38475
48257
38205
1896
27562
6185
1856
25914
46408
42171
39873
15990
11460
8112
30650
45797
24044
40313
15661
10062
6743
40524
28309
20659
21575
24987
14409
2035
47939
5940
30773
21371
9467
24836
20475
34872
1814
22084
37371
40220
43928
15288
26299
33157
44777
35431
17451
39360
46115
11762
26099
46848
17107
34889
19585
2328
43912
15405
6440
5374
26970
47712
45714
28131
32886
15965
23760
31685
49283
42786
28747
33471
23885
10655
9664
31655
977
40682
35048
48399
29445
546
45314
29161
41691
14217
22183
37774
34847
44726
4286
31481
39330
5956
13894
11550
27009
11966
7674
2592
13993
25912
5710
12453
7826
13715
27366
25190
24614
39652
27247
48646
489
34971
11856
30709
12231
7038
2588
28046
27994
49121
43661
33243
27431
18007
19588
16723
26316
16208
7424
23683
34486
33011
7728
1574
36900
20825
14761
33492
17397
42085
30813
49575
38051
20546
16675
29606
1027
28863
3334
12622
27244
15923
12261
19522
9845
37517
48521
24594
47064
48460
7365
26305
33074
21833
45287
24795
46166
48391
29617
28233
45158
12255
45925
36904
10536
47619
34134
43758
5248
44704
32398
36715
4685
16517
36918
4413
45938
45773
18339
48667
6611
21272
2911
1238
28107
48093
32601
20628
45804
18460
30029
46722
7775
30060
8389
8122
32125
47004
2894
43122
38450
21363
18903
10285
21430
8765
14180
47288
283
33420
709
5405
23725
18824
15024
16890
37759
46300
40118
19792
5883
46308
5532
11780
29550
10248
36780
27426
19727
7317
29372
2023
35796
35539
7374
25060
24829
49066
33229
43311
31169
17620
35180
3897
33405
49464
35364
47873
26891
14905
154
47300
24835
28666
39237
17015
3697
43525
23616
46547
14022
19011
14720
1571
18410
5181
32539
17802
35971
46789
31478
14849
46524
12586
16803
23755
6948
39047
24395
41595
34
12997
13263
15254
17933
29939
9200
38604
13863
46192
37647
48636
33010
2196
15640
19470
1293
6118
29655
3414
36915
7441
34331
45735
8093
14722
21154
48298
46140
32069
15453
28145
14036
17865
19395
29056
26975
11672
47314
40582
20009
37440
11708
43710
37094
20795
9756
25362
32828
14659
24213
35656
45322
47087
40955
4140
22072
5269
45166
20274
24963
44402
25347
22785
29409
5484
42599
6596
8136
13940
18438
24624
48878
6113
18536
34070
23277
45935
34556
23819
25847
23009
36283
5581
5210
43364
590
34020
32523
13365
15123
5244
21195
34336
29357
19054
453
15064
16579
1870
48887
13703
49114
8992
3818
37646
14310
40394
3644
4265
16702
43410
43780
18662
5329
24613
1838
26519
19702
24241
34849
38573
18684
10394
26247
17372
43148
11161
21835
15001
7350
20714
45488
34960
3088
30665
5907
23613
44883
110
26162
30145
12348
23193
48587
23897
21411
9538
17488
36334
25161
30276
25728
3530
14801
1090
4507
26552
26114
49286
17195
24080
9525
10300
29528
29052
32332
14448
35739
12136
4770
37002
34108
24393
42845
42672
37480
9112
38215
13036
16488
16475
6875
12911
40842
47644
16004
38254
21706
29408
44745
23532
40018
47874
13520
35043
17490
14712
22786
37416
3402
48339
33643
49263
48435
27234
758
49088
32204
37688
26484
191
15790
14473
16019
48747
6172
20519
33753
40218
49470
48370
5605
27058
46935
49252
25803
7341
40294
6021
18812
44829
25325
37779
27694
41147
20286
48580
12345
41026
8047
28939
5994
48859
34573
7818
3712
3631
37188
16672
34431
9717
36665
43026
23519
5882
7167
16042
26792
1333
14244
47855
35018
37997
37088
15740
16954
42609
27626
30576
23407
4453
9363
1872
12993
26508
35440
8926
17560
3701
16357
14991
5607
42017
42912
32762
45959
8622
26509
39466
17103
47096
8666
22685
33619
40607
5847
8455
12666
23748
26839
40576
12764
13933
47772
7740
14442
45317
4839
44471
12914
49269
5771
36307
45429
31411
31616
46447
48360
15840
34942
25548
43296
22166
31393
43215
16749
15547
25564
20553
47246
35117
13506
13452
15711
30244
18505
19494
21976
18078
16590
42070
40812
26452
21294
34263
24973
31889
42399
38623
27174
2459
37873
20337
7404
46452
30822
25587
48816
37932
47541
37069
698
42718
33180
3180
41017
2959
39950
9868
11984
37487
45279
12619
23638
22426
4688
9860
24360
29231
19783
1725
16182
36594
522
37533
15522
20803
15276
11235
2553
15082
40613
28872
9962
18935
40261
38549
16730
43932
19920
6893
11652
15220
45005
8127
29936
39681
23169
35455
47630
1594
40228
18413
37062
2342
21771
42269
42639
26105
37024
45074
25282
49460
46835
36279
4681
21723
18010
473
41191
36960
26296
47539
11110
45344
34271
25314
43267
45471
38534
45675
29642
37274
22468
20853
7529
37288
8374
12334
474
6659
32657
25403
11151
25136
4182
3538
2644
15584
6929
14365
8772
20804
30475
32473
35847
20297
7436
1380
48634
6498
16594
2150
35131
26318
38426
37961
33767
16422
48591
46721
5526
36272
17301
31726
49159
28270
14621
5042
29799
28268
41291
10015
26725
7713
41660
414
48132
24544
11580
23353
34765
39135
39022
38280
48322
29599
20787
1800
12073
45466
36908
36711
37432
140
43453
11421
23393
45841
21054
29218
13555
23088
47691
4206
30619
19031
618
9056
49352
45038
14312
33102
31025
45665
3103
38393
11640
24146
5917
8096
30747
24111
15009
6859
37154
3549
37944
15361
34574
48316
18673
20072
6629
26201
17697
45284
18223
47409
21151
2870
42179
33703
31219
17275
48151
23013
15275
28265
38853
37687
16317
11900
36445
41219
6823
46520
35651
48071
5060
4384
17064
48163
25354
48031
43416
38048
16684
33381
15183
41740
9969
28688
41169
32725
30369
22101
39878
11355
11395
25082
36331
27503
35184
16200
47767
34927
18039
8378
20888
23702
47403
40106
38880
31039
25640
14668
36464
47277
14198
22246
26460
21974
36289
493
3539
40703
48612
12512
41101
2121
5513
7358
35901
28081
16912
13076
20751
14937
15825
11857
43372
29093
13149
49349
38719
16884
23348
29473
36672
46004
4106
27821
26159
16770
39820
21829
4989
32745
24110
2573
37810
49886
20637
22026
19363
20368
34495
42315
1761
18018
33480
48698
36575
7415
31914
20265
25829
14435
47104
30176
46717
41677
24316
15047
1064
3112
4748
44272
24932
12022
37553
30149
31976
34217
17945
4234
43684
32960
35256
32345
33209
2941
49842
13877
36981
35096
33095
45768
41490
16640
43121
14293
47036
43667
15630
5142
17995
5552
8614
11369
44964
45359
34958
39734
24257
48001
22292
20437
12094
44900
15946
6747
41999
49361
20148
26982
45133
17136
33507
15531
4570
7110
39646
3825
42108
19027
27111
14915
4604
49388
30615
2576
13852
8174
33272
26045
7046
14172
3138
3320
15896
19302
4057
24682
23231
16045
44210
15490
22092
4925
19989
20708
27642
26901
9321
37979
12085
20480
29851
26424
23177
19409
18908
15581
20498
12999
1201
25736
19273
17684
46061
33198
3855
46351
930
45049
43170
27589
27261
32027
11675
34142
36663
28383
32848
38184
41827
14329
23575
4942
9434
22544
38077
26468
29790
4104
1035
21619
42235
7690
17291
11297
28794
22609
20184
14822
38084
24895
45358
26812
49091
47637
11726
21224
26526
38525
45252
3801
10222
22607
19986
27830
46902
4717
3700
17957
27103
8558
27024
8676
40092
23887
27062
44207
5779
9546
12307
38080
17584
35850
44254
15018
37326
11997
46908
13146
21959
42473
36019
18566
17295
25704
25198
47709
21846
36763
11374
10098
9028
42353
1569
5925
45274
42314
2921
43638
4565
20605
3053
14236
9327
48743
25199
44231
4472
9615
27685
14830
44790
37875
34035
3036
4622
41097
24538
20485
15917
9314
40149
16953
18088
19294
639
46807
46233
18785
16584
40386
44747
3327
37840
46776
39701
6804
18425
8741
36136
42169
4278
28259
10950
2628
3418
16385
16301
4345
15668
6961
40713
9180
35162
13464
11919
4400
40807
12417
24392
43854
10074
39849
43591
4176
48590
3706
3113
22843
29750
16262
10834
35429
18071
21209
39295
16241
22195
12232
45039
29803
24200
43112
18404
42734
36749
10279
13282
39267
5524
20996
46047
32953
41696
5769
25637
9202
16734
17349
25989
25177
11803
31776
40401
10087
14071
7600
45886
44474
13670
5132
16006
23
6169
19136
6295
313
20103
49198
1551
20821
33018
1628
21831
12052
33050
20293
45218
25231
19516
35928
18615
38076
5858
4754
9407
28601
8447
39935
3685
26654
29234
13660
16294
5672
44638
3244
30833
18014
24124
36165
25970
48827
24298
7458
14897
15677
43132
28400
21649
41749
10589
4584
20927
40564
33390
44646
23324
19458
41331
16476
24668
42809
36276
15976
45487
45030
25806
20951
14097
1083
9966
24131
1397
7550
22480
19824
31007
48961
38146
10305
6191
48989
3089
14451
15039
29875
9157
24441
18513
14899
40441
33797
15616
40722
40396
16072
11910
3332
38217
38053
18543
19482
42155
25529
29003
15436
34686
37499
42729
9064
34507
18348
15853
14209
34743
9895
8084
46696
35443
12189
32608
15757
44936
9957
39041
6910
47760
36467
16678
28651
27029
2548
15140
36479
3435
7774
33495
6818
21694
17739
35010
30109
13898
20549
29698
28064
12906
42509
316
3893
1362
37901
36336
8864
37304
35815
41483
748
4210
2674
25289
34130
10947
4753
33207
1535
47267
31071
4086
6432
5666
37270
46367
5003
23877
14594
39375
46732
28989
42096
5636
41787
15535
28873
4985
41179
49266
19143
20147
42664
16605
41971
20340
19600
37857
34907
13016
37463
29563
40529
25956
36365
42627
48517
16174
26815
48567
33505
10900
17857
7594
2498
14258
35789
3608
11718
20168
44107
44573
44488
23041
49589
3819
1191
16663
19018
17663
12004
1560
43743
47401
42053
23752
3596
22858
15459
20847
20563
17266
23276
501
45092
16439
32689
19867
11282
184
41326
28358
49346
34370
46068
48658
31622
33687
14482
24454
46979
25319
49108
29711
22802
12754
13987
33206
4656
49057
7665
27638
4978
2954
22850
14385
42978
10605
48439
7528
14251
7854
8015
22508
40037
34327
10267
17556
36659
42312
27554
20713
3225
47704
25697
46599
1855
31719
35659
39278
7549
25781
4851
26284
20981
31372
38594
17580
14326
6471
44970
44967
4524
22243
13663
44367
11082
24371
38329
3735
1078
48656
15091
5291
36101
30232
24799
16997
44935
31506
10827
24470
12970
26488
32855
41427
8459
28136
46317
33988
12685
3461
8116
5564
28882
20294
47005
921
12434
31774
35199
43786
9453
45721
47972
23863
35990
47377
21491
22377
16115
35915
31274
44571
25021
27343
15821
9901
35830
49875
991
26074
30326
44595
36314
32839
25436
6954
43201
24065
17688
9808
15972
17466
5417
9977
8075
168
38248
24957
35942
28627
16621
34949
30801
47850
35683
3155
44266
47136
17272
1869
20047
1602
48855
9981
28160
15773
26744
42311
47026
6347
38177
12183
5014
25709
30531
30628
46841
28910
34199
44977
24096
11668
43763
47305
27820
20543
33850
14661
32664
17351
49164
34731
39987
13674
9559
32874
3217
17052
8068
17347
49002
16926
19062
44772
40202
213
5149
29770
32361
5224
28846
11135
20916
9572
35504
45660
42863
34349
44569
36934
8226
12668
48652
6831
23850
31855
42060
28883
7147
10000
37570
7660
49090
18898
23058
17350
8035
41869
13784
37157
17963
39113
35527
14094
25862
10626
45738
36702
32806
3599
33034
17686
17500
11918
19448
10261
19598
3518
37649
7047
28388
28596
568
26200
48386
39856
34667
43020
18467
45370
22333
44171
20151
17270
15420
29576
18451
25396
13504
199
37778
36188
35476
15959
14719
31315
24507
32602
23320
30180
8712
5191
22286
45226
20275
36284
6296
48631
42229
11453
12763
43356
21603
27245
38712
29852
12576
40108
2845
34629
8769
46244
25192
38318
19006
29115
40270
22008
2097
37491
41580
44411
28790
10841
44461
48565
27100
33248
46685
30445
42551
7368
24834
43646
17823
17084
46655
17987
17021
46476
4447
28955
48321
27127
33421
26293
312
36531
3354
9232
28077
16066
49144
12226
20600
13066
8737
47430
39115
14364
5306
36993
37772
22270
40063
15425
34526
42781
37917
23732
47231
11647
48729
38967
40088
49290
16511
36942
38504
12645
11545
5512
44299
788
8818
35781
7194
14019
7393
30220
33091
10208
40991
30953
44436
24206
1857
10627
651
22271
11386
1324
18821
46306
5634
3239
29024
22648
30039
38438
35593
20354
38593
43954
6851
43628
38122
49370
23022
22269
5308
8809
25151
28382
11869
3509
30884
36506
18502
7491
23101
34081
49383
46294
6067
24266
29885
11392
10989
42631
21514
28175
43437
28958
30120
32161
30471
14515
23199
13407
124
13558
11489
16481
37728
642
2617
18989
16272
33791
18041
6686
21741
22800
28029
19862
30585
1550
30594
21504
16538
5449
35177
4458
16895
12497
16160
45002
26918
42410
2281
1621
2895
1405
2411
49390
13897
44895
22039
26905
41977
6210
40074
40285
21513
33666
45611
14478
45434
45936
41088
38020
30245
32472
9109
10141
46501
26852
11444
48897
11324
32575
6149
31020
39843
3468
21763
47254
33434
43981
46652
8899
27755
41719
3874
49981
26438
42630
6136
34761
45775
34232
24788
36850
22418
12830
8371
9223
19974
12594
30705
1313
21141
36044
37960
6442
5765
2288
19044
34287
20941
33334
2239
12984
30077
42716
20432
33890
3219
21098
28614
31394
17410
27741
24964
39555
3117
1012
20599
30851
42614
17209
46117
12217
17782
6305
8027
1049
19426
40009
31778
15489
30670
13237
36522
45829
37084
10865
17199
40994
9233
16073
39190
14643
46592
5541
41257
9495
12583
32172
35742
210
1446
16389
25766
5489
41165
14586
23325
24318
6195
4233
20798
3722
42013
2116
48237
28138
28615
24529
28630
35978
7052
47366
31642
19337
41822
4090
41138
33107
13406
48105
21129
26154
46861
17972
3647
15863
43218
38852
30621
19340
39731
45621
39566
33517
48941
20929
8829
1781
5871
39398
26047
15384
6103
16977
22849
40127
2094
31029
35312
17810
37654
44587
39981
43902
3873
4654
36302
41151
43681
21795
27933
23087
20011
33637
18057
46723
40102
6559
18503
41657
33268
29053
42143
2586
21475
37321
8331
30682
15241
41654
26513
30038
15444
21084
12114
12355
47318
32311
12552
248
9618
33215
23200
10582
46003
29815
44633
47128
43585
35358
902
10662
5388
23994
24322
37548
49605
21592
11026
17269
36304
8258
15291
43186
2637
49222
37789
34675
31318
42941
26540
37666
25329
39803
48898
24897
46587
8551
35635
36156
33556
19736
15232
17303
3797
34796
16836
12077
13110
39222
8549
9098
46731
21312
35556
17589
30528
40903
1240
20661
7034
16686
43734
14519
24968
39906
17035
47120
5418
38310
12305
48926
44889
16603
25309
19543
33314
37604
9082
33945
17111
41302
48146
15180
43984
36094
43527
18699
23040
31534
6891
43023
26878
29269
2967
27658
24479
20071
20911
16784
21917
38716
18696
40504
28739
29002
458
42905
31679
18186
19842
6012
15646
19313
11698
3444
2538
47798
30961
16193
6856
30973
4499
47649
34701
29519
22376
49128
22831
17057
5874
25123
1260
26066
18538
14701
42616
39942
23835
24175
31665
47925
47909
35209
45562
29872
17858
44215
39509
28525
23581
22252
12808
43489
31539
14220
7309
27030
44364
41588
49961
24902
20590
29607
4562
5457
915
34700
46913
9887
891
5182
2939
42224
49978
2517
23865
39573
33352
18941
33719
29101
30525
17180
30457
40249
26304
25173
12590
4172
36517
36008
22546
18457
26348
47000
20964
40422
3464
37663
15536
38933
34538
4195
23832
11440
40473
10405
8317
25290
6359
17443
25993
45971
26561
3628
8854
43238
28906
27506
42488
809
4794
39060
48842
14593
32568
7651
39068
5975
14152
27180
48334
10026
25273
33362
11757
12116
14859
46477
5340
19648
43847
19930
33787
49441
42512
28636
12097
20439
26729
5432
18567
11767
23972
23852
35156
8806
5843
47623
31894
26358
48519
48424
49956
40357
19193
25438
37579
2753
34766
22349
8632
9727
12080
47617
13480
45201
41797
887
37826
42542
25585
35834
41649
7326
35428
47116
45430
47171
10983
38014
24901
3154
33796
15116
37913
36361
23659
15428
48318
40918
29134
13030
20127
41814
19589
9189
9831
30837
27659
6766
696
23691
48668
42318
20832
47487
22821
36160
37332
37163
22051
49147
38285
34385
34850
44519
9365
34038
18515
7691
30033
14813
36569
30750
3681
17188
3986
2106
19945
20629
22688
49723
47002
42294
38559
1884
13101
25144
12262
49308
612
47337
8486
25773
12124
17492
45089
48806
22939
39886
42000
42859
49238
43586
28031
12257
34045
24094
7153
38561
47194
48672
11263
40352
6162
19928
40947
37954
26288
20381
12505
6899
31682
17036
18125
39523
25224
13418
4553
15817
16688
10912
13846
33673
17936
3488
21023
41847
1464
15389
36070
7064
21472
17766
22881
1522
4374
46338
16284
25676
22163
7299
12394
14422
349
43745
1527
8055
36040
32681
44178
32564
18110
2215
43630
22033
46577
36923
26576
30917
39233
26713
27259
16179
13776
7283
36225
38899
49292
10751
25020
10430
33970
15557
30655
49966
31002
22053
41786
19760
40808
36204
34600
9839
9858
24649
47239
46730
36323
41091
7257
34497
23187
32224
30404
30251
37259
30047
30049
20537
32010
34584
30070
25645
19721
4880
2154
36490
36485
35634
8749
18073
8910
31583
10833
32415
1131
20894
31515
49326
22667
48024
6671
16906
5867
49935
13832
17541
11226
41982
26886
24971
47763
35756
27014
504
39732
14162
22453
31419
10557
49338
48164
44470
7574
32391
9464
5909
44975
16532
29030
24770
30227
8773
19565
33234
46569
6820
28126
31634
26774
35120
49031
791
41303
1267
15352
17950
49664
49515
21760
7102
6661
44273
3182
47307
37717
28188
31431
24513
9000
7830
1443
5239
43874
2067
14035
6116
18435
16501
26840
12886
45569
40462
49260
19517
11340
29252
15587
37215
46153
19918
31006
21310
33892
26475
22989
30175
26265
37563
47999
14777
41711
5180
45037
2902
27453
1611
29763
20409
34222
13355
32680
33527
49173
40116
49329
48046
38415
21454
13809
32276
10211
38909
36370
14069
28164
29542
39641
38365
16588
26320
48545
1914
24394
8264
33257
36501
27050
4898
40981
29635
22926
47141
47836
20597
13766
30604
28914
18136
44447
12001
7386
45110
1226
25027
11292
17751
12373
38039
3665
1666
17517
4048
17709
19942
9726
34922
13412
3285
24253
15704
1677
4434
7226
43986
34699
30707
9799
2696
17727
30765
29259
2564
31737
8419
2421
17419
19866
34695
46831
49633
17960
12692
32258
47614
7647
27447
4409
3707
12629
24090
24556
37008
36277
46079
1396
5330
9164
8143
8924
10667
12444
31961
17042
15246
5790
39249
43448
23425
39169
40996
10849
43443
5485
27952
265
9650
8090
31850
44235
22981
24550
10687
49816
15512
19227
20531
6544
21442
45058
11890
44857
1004
19743
21630
24995
47690
23964
14990
41287
40212
20857
12343
21073
28806
30795
44308
46299
46802
8600
47974
12333
44484
27875
11542
9499
49414
14067
34012
41717
40241
8913
24504
33261
9181
13294
18594
3494
1103
8485
43723
39044
25040
29423
22535
31107
14697
41701
35846
24568
33488
13018
26790
15742
27483
1050
30999
29983
14358
12429
4118
11172
23989
47374
27048
25614
20181
17755
49635
848
39439
22505
616
3560
2277
36802
11940
14902
46808
42441
4250
16211
17294
33465
14667
449
12843
20110
2681
9751
40402
38774
7357
33444
11345
44678
16959
4516
15589
11224
30442
3664
49013
20887
33293
35605
49402
3553
25278
12066
14569
35526
30138
12280
9602
26571
20203
16754
24265
45866
25232
32064
29385
17327
8740
21708
6494
7465
20430
2276
33540
3234
43036
30821
32289
11833
11570
13006
15870
18034
17576
39630
8997
6206
44209
17715
7238
12311
3226
32945
48277
22759
24783
4619
29369
25049
48464
30208
16348
5228
1121
20834
32616
5743
13074
17207
12313
35393
41508
15461
2460
23293
42167
17635
25440
3386
268
8804
16310
18166
24600
34829
6174
29658
2146
2200
13739
46460
28441
25181
34090
13850
45976
21813
24373
9819
17906
23378
4931
42715
2650
42308
32736
23859
41558
26832
16659
581
35820
31857
25776
23161
13164
29389
10529
2821
8912
47384
28143
25342
694
28028
12723
4387
1709
35729
9876
14115
7125
42618
5002
2159
17093
46798
24777
8692
17677
46814
42778
34505
16102
49747
33558
25071
1310
33590
16103
9142
8121
14447
40705
43325
36662
16779
886
109
42334
30677
40032
31492
24164
29163
20377
14666
21439
29691
34808
27803
38956
42753
9206
28835
28478
22588
10905
2659
18246
31706
30752
44810
41011
5772
23912
34986
14268
15360
17114
29188
49313
49137
49611
32831
33460
13364
46513
1408
14800
31281
9583
36457
21326
18912
41173
35880
2199
19134
33239
45584
17000
39549
4297
29328
19914
19355
28038
32784
2163
5465
44952
30673
49909
24709
46398
43270
36537
42298
40328
42927
29017
2825
44592
17187
12297
40734
4131
45516
34386
24884
12946
1053
21801
34193
47940
2535
8085
8350
30634
39948
35799
15813
17777
4591
15165
41428
36564
7709
46558
4096
47022
13068
46674
6164
21313
26524
36167
25466
3458
13071
29366
21110
26724
5619
32722
3291
8569
42069
8058
27260
27102
26223
49839
9532
18179
44508
39837
17024
21284
1305
26312
40265
21078
49072
40797
21470
29544
6510
16460
46105
10449
46335
37933
40597
14655
6129
28166
39691
42145
42202
18953
238
36470
35218
13515
39892
45200
47706
657
25475
11786
24058
19489
13609
47888
15496
9704
18135
6176
23220
14058
12379
32859
34401
31937
28045
46943
43738
36083
35099
15737
27961
36311
30439
4493
20287
17555
15040
46119
36061
13261
8499
27609
29527
18
12526
35948
18783
1906
7802
9848
11335
32988
22624
49947
17017
49276
32300
42376
47948
32240
14603
18361
9638
35453
43073
41546
38311
16525
302
44113
6000
15505
8086
38938
29277
13875
17768
48159
1728
13589
4946
25748
38605
5506
41415
21733
33472
46384
42577
43504
21758
7279
27815
5249
30676
12960
1462
41122
45220
38677
33051
26629
16986
33766
33089
21693
3443
39517
15201
25153
15830
16863
25843
34376
7411
38578
42739
43823
2589
48100
16674
13421
11170
7428
7898
49387
7221
19429
5549
20406
39450
30602
14104
37940
26058
6379
5442
27012
15897
14997
7572
43730
26841
30769
27007
47985
43037
25994
46124
18129
18196
837
25990
228
27448
25972
12008
40679
48295
15674
36595
24407
31587
19405
40890
6605
10652
41128
38930
222
11363
28417
1910
19704
41597
32901
35418
42462
21662
28366
38828
46461
49556
11373
24152
41590
9097
49967
22641
44976
11692
39202
24680
46088
1289
25221
11766
126
35893
36208
25514
16968
19990
48981
27466
17228
34251
40822
100
34547
44529
47108
32661
11129
49734
1190
27874
38537
33663
1637
9204
38637
25643
27604
49525
16082
33859
3319
27419
7957
48836
49483
26093
3788
10539
1006
21633
41028
42414
6007
1217
10056
15387
20024
3097
9487
4544
40700
37672
13269
34024
39301
45221
14550
44298
1933
41410
33738
37361
2476
44614
22372
41706
13382
7733
654
17433
16772
27569
3522
4483
13179
36533
27041
6158
38349
19074
32971
14467
46185
31694
18134
14767
31115
34948
49847
7960
6438
38862
45574
5621
25344
19761
10023
30858
34350
43664
3216
32741
30466
22005
18602
17593
6356
36493
47648
11631
33448
29978
2926
28252
40815
10661
12740
21105
19927
25762
35763
29767
36688
13741
37927
3635
40804
19399
4429
39945
8834
153
7447
30392
28165
35260
12185
30284
38008
38595
9252
48664
14829
14646
15942
16523
17457
7188
20742
19776
45118
10678
35647
40232
35780
32080
27663
19556
35972
6472
49893
46104
32975
12407
37390
47525
9919
19104
36388
49849
43714
23215
8254
28956
10228
41266
46009
28432
19121
46315
45754
900
15075
33307
25506
46283
17959
20881
32734
19572
17261
45848
2727
42591
7359
16071
34143
49619
40188
43649
20915
30966
42307
44621
7575
13628
3510
31348
8413
16737
21206
10391
40618
9767
5773
16478
16087
34399
10790
44601
27192
25330
24749
6495
12628
31643
36179
32302
12283
29587
30044
13336
48385
20613
4328
43220
29458
16904
12102
18744
17523
11361
37764
30064
46145
18740
41215
16054
9140
4832
14783
48329
48476
47282
33183
10038
16679
15777
11930
46333
9718
12464
11804
2647
27864
3658
33905
35198
48260
19885
19234
11107
9660
21153
16499
48072
8149
12584
9653
31277
44464
6107
21322
36768
16865
40748
37203
49880
37353
37590
6341
42735
34895
30293
9412
31160
38007
14241
19716
10986
24163
8153
16755
6109
39833
26448
3754
37613
48819
7547
43887
43950
44659
36219
44609
22538
4693
14384
14927
23241
14082
17369
20763
24918
6919
42207
5697
6824
44588
43617
31245
32653
18065
14954
20552
16629
5685
27610
823
38344
20385
15377
16725
44489
26759
40291
31087
16768
23841
41019
44339
44579
26257
1504
34450
1832
37777
22350
28896
9096
28737
20384
24706
9466
13472
5268
35264
2840
25036
14257
14507
47431
33596
25672
49084
16819
6739
22396
45502
45605
2351
4797
39894
34264
23550
20046
39358
3412
21550
31585
34552
31970
23431
40810
40711
9713
23131
42900
31629
11487
39541
14510
27106
17221
5735
12038
39117
22202
39561
43371
32261
33586
43983
9479
27993
34840
1540
9493
8215
5015
49436
29525
15227
2849
19228
15578
12588
33285
28787
21065
48710
1627
9093
27122
23596
1695
34522
20973
30449
31672
42808
21891
30331
40245
19394
20674
38995
2997
706
21593
32378
21987
5066
15100
40090
20777
39505
22345
29806
44074
21094
21217
20102
16834
33998
989
22967
4980
13638
22749
11157
19207
20946
32218
44520
3531
40453
31088
32407
30776
25978
33750
48085
18697
3918
9151
31865
35728
26351
48610
13553
43179
2282
24768
47912
16026
2614
14145
41500
1356
35563
43859
47837
47058
23071
46059
31415
45496
42401
45106
22048
2069
33573
18738
49871
28338
27962
31057
36969
30850
10728
45122
44775
43700
47761
40363
10864
24151
1654
43303
18804
9431
29605
25932
4339
19315
8774
47324
23569
17412
30446
10473
39870
45303
45780
44620
15156
16613
43279
5562
3861
45199
10019
48953
11810
28410
7638
34688
10682
14814
17770
19961
22988
24844
18996
1635
42830
24501
49593
47901
3957
45972
23876
14995
28963
33899
42653
35774
1630
23329
14323
11688
29813
17320
12495
26766
43470
18875
10860
36182
42042
31136
41888
19475
48254
226
4526
22857
44370
17741
27687
9241
427
33828
14909
1020
1437
32449
9292
29632
17287
42550
16527
29404
35848
20302
38062
49096
20442
24566
11184
41109
22909
1830
40663
36400
36380
22467
4568
2622
40027
26068
4021
7130
31197
2989
4830
1992
19814
21824
8393
478
49230
36550
2572
14853
5811
23237
1247
38964
31547
12530
13089
32054
37705
46904
25659
4659
46877
40276
644
14110
47845
37107
49065
5979
12137
24046
9395
45729
38532
29041
4338
4522
35266
33924
400
46586
37981
44352
34665
10898
2694
25767
27010
39853
44198
40519
7206
36396
21738
24462
2673
11060
1440
16382
33512
35713
7707
42915
4906
27291
23463
34255
37247
46478
13899
1018
8825
35456
35134
33725
20470
6545
20948
17169
25534
45638
14774
41714
45308
6786
5123
39723
41522
27209
47608
17952
38943
41829
18871
13797
44841
35569
39192
1499
43865
25132
14043
41277
7330
26707
17521
46774
7520
7078
14598
3884
27022
13882
46914
9905
33016
14382
25150
37358
43746
10036
1318
48808
31072
12702
33279
13182
23502
13909
26726
4811
23327
35174
8209
28791
1320
40028
43403
21800
48564
21627
5870
40629
36720
12739
36610
7998
18367
1923
21953
11838
36968
46230
3029
42566
39796
23175
38517
4077
12483
5145
40724
4219
11464
24851
714
41049
11479
28474
19469
23783
16429
35215
38810
13118
25337
22677
3507
47754
47256
14347
41110
33115
1285
19166
30740
25462
28021
22016
47660
250
20755
12618
30329
40535
21748
34742
14851
41804
20771
16472
2772
39913
49461
45498
38397
4592
36630
37047
9085
7625
45643
33321
38940
15539
43709
3630
2871
36312
32643
33149
2695
26994
1549
38500
21642
22651
17218
18719
40855
46713
9776
45877
38033
6171
333
6083
3049
10713
21935
23858
41024
29513
2216
29966
2308
19508
39545
719
46473
7986
33080
31429
32484
13681
30489
24653
43560
2537
20021
29336
42128
47766
3784
23103
34745
35050
4663
793
30768
21747
44689
22755
12204
45288
4752
49037
40648
3734
13774
31086
21453
15738
34491
24674
576
28634
31421
19774
39256
27227
19312
39459
27524
31916
37978
14395
7322
2701
47738
31750
44905
39478
40342
27148
24747
34083
32428
22060
6971
31753
30559
20205
43888
40589
44040
19384
10736
15885
5300
9176
21358
27173
36032
16943
47565
24351
22070
8658
19913
4292
6090
36621
2380
5089
22095
38592
41307
14612
42125
30088
28141
48694
7738
3546
49261
24414
11912
44503
43239
16318
22237
7958
25542
45789
39674
47927
42856
35939
37485
15867
22706
37354
29695
24136
5146
6313
889
46438
11548
22283
36346
49356
39271
46753
22316
27645
10593
23586
16948
39311
47310
10982
48520
23593
44917
46763
3942
41953
5293
15895
10438
2038
28887
9177
33941
27064
35360
42119
41245
20931
43447
32495
29877
39370
42918
25985
3654
4018
30094
11664
6446
16433
26869
10420
19440
31862
15402
44910
3298
14584
11140
30101
27461
33581
47354
46759
26756
30079
13539
44168
12308
30563
34153
47045
31997
38778
41003
40307
41352
24548
43642
31205
4918
21571
25619
40718
46046
16181
484
28298
17267
23723
13973
17181
33426
15875
1724
34249
45644
7599
38283
7821
3260
13752
27137
17967
33761
24784
11350
25159
2469
5290
34543
19244
31490
8733
34321
24537
775
40709
2189
14683
15248
43761
39046
11221
1789
40943
46750
17030
44465
16036
46271
6869
34009
11882
41087
21786
3526
13080
33221
47984
27973
35135
8210
14468
48122
40496
27583
9855
19646
49642
6311
26528
29512
13511
21637
31166
23943
23332
341
42081
44716
9709
10012
41174
23944
15800
8501
17429
19586
43621
8043
30915
26080
42349
2951
32739
32435
19215
22064
24346
30307
16220
20305
13218
34591
12539
17687
27509
22329
43214
32925
15513
33267
15572
49535
6758
32326
11975
30408
13310
20188
12643
10608
30727
10006
47483
13667
21357
31232
43151
38831
45782
23372
44563
6852
1420
29953
39512
47226
12813
41528
7504
13603
33785
45384
34136
45623
9502
29349
28416
40111
44080
48064
39854
31013
16038
34987
17406
42901
29623
25209
46865
12915
14618
48766
4412
30802
15379
33178
26760
13401
2958
16673
33502
33029
47548
43614
38615
33704
30518
40908
36071
49167
45668
1214
26168
28393
23516
7459
3392
15548
12660
35920
31106
33651
44180
34914
43376
7255
32329
22533
31438
32334
31656
13403
30597
9275
346
38756
9771
5610
13455
49602
5957
13052
13231
22322
9900
11520
17072
27500
4291
36823
38116
11592
11397
2878
20331
44818
18306
49375
13409
10057
28603
33147
7866
42790
13745
37730
8081
37574
30304
17860
48579
27636
24486
14443
14175
17570
47907
35596
2636
47523
15302
27667
29467
40925
46132
21330
10205
6477
9017
43870
31319
6952
18424
24734
48680
17296
26924
2961
42335
48862
47362
41268
16417
43388
31105
45364
14197
25158
42087
1772
3717
26322
6056
5969
41388
29029
3540
7652
32729
10811
44052
26158
45785
13156
26894
20717
39889
34857
18272
41857
4390
19280
23105
49282
46578
34989
3620
5868
15652
20504
6249
33749
44864
37854
5831
11876
19336
39673
8518
30123
38776
45571
38804
47407
6416
21673
47591
25617
30334
13314
19886
28750
23076
1578
40099
25366
38073
47273
7918
46156
15637
5548
29405
10544
23500
7532
16645
43398
26204
11236
35946
41955
38389
8416
15888
10314
26584
40579
22975
9269
18734
626
40035
1760
11677
2338
44612
2661
13393
33539
34586
18409
13301
31396
29756
34337
29781
29637
42667
22996
16529
22931
9053
49192
18595
37638
23842
18090
48034
5622
3400
3126
7210
25779
47006
30426
47511
9739
20689
20871
1671
27382
41937
36115
29217
36462
36879
39716
29311
37716
27729
33910
32491
13963
5939
48441
980
26000
47468
40299
10504
28180
22810
19168
49604
27371
2995
13763
15884
768
27216
26684
39698
23822
10257
38520
16773
38120
19357
14106
7044
37748
20088
17191
19755
12207
13122
43032
4225
47144
40442
47510
34944
2050
35262
9088
29636
26116
37522
37952
26523
36194
4837
19826
44608
49124
36694
37325
21638
44172
38786
29797
27268
48280
13769
1104
10716
17722
8659
24117
30317
2341
49674
985
20575
20423
4232
7056
46312
48706
9182
47616
23754
2209
42795
10446
145
31902
26904
44194
49278
4842
6294
18840
2455
25400
3822
20450
33677
36542
44145
8522
28534
38953
37386
8832
30558
591
43475
17856
45063
5179
30314
49228
10106
12078
27527
22050
49475
33693
25377
2289
16012
22735
24879
20362
33126
46530
17771
44176
31256
2631
44449
32790
28588
7353
42347
38998
8009
28466
2677
21949
38664
44997
39801
1889
17886
20864
48734
8699
29641
44971
7868
49168
47588
5173
7355
25820
7791
29207
14129
29254
6969
19662
16094
45755
49048
41799
16256
25013
27321
43258
49543
43908
35613
17851
12773
35033
30485
4885
27358
44959
35484
35356
21180
31080
36925
2660
7561
37805
11499
15375
23244
25129
43424
43720
39240
28008
46406
16615
27082
25502
35839
25491
31459
10814
32457
4224
884
4201
14731
45412
23655
44717
12737
22872
30474
3050
34715
1284
37478
21435
41992
21403
26926
24935
42750
18803
44185
10789
28479
49432
38916
44433
2639
42163
24498
21288
22304
10693
19103
43076
14431
22063
41945
47152
18250
46945
32253
21208
35294
42972
35344
21702
28619
111
43460
3084
19082
42024
1258
7284
17438
21349
33437
46086
3745
11783
28378
33202
21093
10697
47695
18533
3346
13531
24424
33232
38701
4607
43479
8083
15848
9946
48947
36855
39329
25242
49365
15857
45641
13180
33639
16929
42342
44241
20980
34619
3110
47454
15793
34554
40896
10966
21837
38818
28600
48143
28
41933
32708
2818
23776
29882
46228
45210
49129
30323
42190
7370
25091
31681
49995
22598
15466
43624
34113
49310
721
13801
10190
7193
21074
49135
43860
45306
27719
16203
13507
44928
10347
46396
13335
27003
11325
29663
18332
38206
28729
35514
5094
25401
4877
49513
16720
42629
38223
38686
22845
25962
29571
15124
40343
41887
552
7700
47340
11806
32966
30976
21350
9135
20041
8042
35717
33400
29238
13155
21874
42264
49781
12856
8070
48244
6415
17166
35372
223
33458
48570
4062
20468
27365
37052
36848
38983
32268
48410
1123
38759
34953
18099
12732
30941
24369
16216
13952
3523
38145
29480
26239
45182
42484
31893
38612
43539
29860
37068
35520
30011
39841
19678
44666
26722
30209
4964
30532
39738
32406
25017
29540
28231
42665
2232
26090
34025
11582
46993
21761
32870
18761
47622
16371
37536
26813
757
20513
14658
14045
33584
4538
36818
3932
3202
11769
19333
49609
32582
3504
37067
44200
25780
36021
8346
41532
46970
11147
6692
48448
9083
8170
48171
28040
26530
42367
11660
29703
35047
6968
12736
16683
33336
31323
27579
33640
18301
18754
16821
7040
33883
2105
32402
31246
12959
15931
9508
28943
19173
14917
22717
18079
1225
736
38141
6396
35744
43923
14425
22196
23529
22698
39939
36237
35929
22133
44844
33773
25383
18398
38294
23814
16563
16135
2630
19111
11384
16015
2496
19078
44962
4223
9570
31270
6941
16245
30368
44549
43166
21362
27388
45599
17514
6518
46986
33551
531
30517
20240
48451
14351
2336
35442
20259
20974
40499
389
42569
31175
29990
2427
8869
14188
38845
41153
13380
18359
37809
32937
6080
40125
49027
45474
13744
28193
32482
13004
5382
46878
15538
25768
31118
13518
44919
40515
2710
24108
34679
27513
14796
49064
14548
117
7159
34802
10765
11663
2896
30841
33516
25191
46951
21639
34366
23240
10146
19275
38200
14003
35113
34238
23052
9349
13760
25048
28674
27391
36972
40646
19548
10020
44090
22182
41477
46990
31654
43380
48605
47155
2786
9353
9996
47922
29023
37053
37302
22829
26121
48796
32286
9965
25182
45614
42955
42709
29290
30154
9506
32355
5569
2296
43510
36318
45406
40953
29831
44206
31986
10688
11961
32065
4171
27897
47208
18227
38227
24272
47156
41750
8478
12875
48379
11315
6741
37093
42014
29738
14474
44926
28376
5812
19645
19009
20679
42603
46707
22177
1672
27442
30904
6515
19034
35021
35458
44202
10795
42055
1747
725
42619
5635
2355
26550
16000
46650
4597
19653
42626
23969
1589
44712
28276
4957
9889
33886
29396
48512
1576
41563
42606
7427
831
1536
20988
10100
42459
11029
37552
41907
21885
34643
21547
15137
16055
29186
35546
38204
10359
2890
49036
42168
39588
49971
32720
4144
25941
46374
38090
47163
34201
11547
22330
24664
22090
21201
16153
7767
16379
23861
36441
37089
6456
46752
30465
18465
3199
3951
31529
37945
39668
33627
24859
44162
15675
401
4258
21366
32408
8972
1037
35391
31558
13088
13223
16372
14845
42527
25346
20800
35689
23458
17908
44455
28027
42250
30887
11892
37260
19549
20278
35066
19957
15744
18706
32723
34433
49624
8548
10296
43202
9967
3907
44537
38493
40194
49018
36797
5131
29343
7754
23232
4506
40273
27573
19860
4200
11308
22140
49134
15963
32665
15028
24361
28033
45121
38552
28937
10866
29821
17899
39792
1263
17718
19260
32892
13444
25239
39912
41996
34427
7278
17651
28159
39983
37241
22765
36092
27490
14488
5763
9884
49353
30313
1154
8332
23317
17356
42287
2765
48055
14299
8403
25422
45993
10306
39636
15918
4
16911
14883
30716
35615
24843
40438
13927
41954
45323
14429
49658
28431
783
33616
4648
44925
10672
22567
41408
8460
45145
30561
33224
32433
47666
6770
10955
28229
5102
50
23493
39281
31269
16677
25004
497
29807
44039
5556
48637
46178
4777
46446
45715
21068
35377
36060
10649
35240
21114
9420
23478
18968
9073
48544
16975
45585
3256
7107
28297
21704
4533
37261
10634
24601
40846
36142
29777
14123
18098
9352
9244
22023
6516
12419
47642
3397
112
48025
29792
25856
21895
44648
45680
10102
32
19298
27571
45357
1730
34830
655
44456
2899
10644
28273
24107
16917
41347
7478
28089
32967
38327
25627
31920
19270
2426
46131
22783
41776
32890
7820
18377
8896
28709
14041
4173
20757
26638
41396
38180
39484
21635
47311
4545
17866
46539
1947
45565
44545
16423
12553
3879
41312
41189
37808
32168
7397
14591
14469
17197
35242
9278
29545
28127
33813
19581
43663
21158
29516
8345
14417
36677
35878
21876
29778
34794
45813
26797
19711
18861
38123
37689
10329
21896
42539
33382
26459
48256
30067
13880
21790
9885
18763
5501
48053
3382
38910
46164
3078
25841
27814
17135
49584
48913
19715
2734
28748
33686
46541
8720
26300
28799
2479
31804
12047
7506
26500
30570
9033
32631
19055
30423
36807
21108
11776
876
17002
3009
1707
2503
15236
40563
28013
42454
28953
32260
13684
8404
33683
44715
31720
5368
44389
28243
14479
2749
46516
25710
32797
4061
6025
47455
45658
26048
37683
45093
46141
10163
17014
25689
46618
10911
38244
13137
28076
46070
5511
30100
7405
6207
43282
41259
7628
5754
38661
13964
8991
15906
28405
6670
38685
13881
44
30653
9065
20472
12200
30853
22382
11126
17044
5826
28446
10674
44004
10909
24222
8758
463
42702
17590
12814
37587
6550
46418
8402
42516
12162
17884
10316
31767
42244
33783
9060
6912
7995
38994
23099
16718
17992
35095
41762
38751
36626
42186
249
4949
14900
14112
15926
9221
6879
25742
1140
31471
9459
20976
13858
29729
16669
31445
4382
13166
43015
39772
49019
36816
23491
30053
48160
8652
656
47085
48978
23163
18571
26932
3111
3395
25964
29908
47569
24620
48665
16399
7865
33370
36254
38198
45150
47397
46257
42203
12447
33194
4350
36384
45892
4680
39904
1950
23224
