1
31
50
53
88
102
103
109
110
140
166
186
188
219
225
230
265
306
307
316
340
364
406
438
495
506
546
553
590
594
617
657
659
672
690
706
719
736
749
768
791
884
890
900
915
964
977
980
1034
1037
1049
1075
1078
1112
1114
1137
1140
1171
1186
1190
1201
1217
1233
1263
1289
1293
1326
1356
1379
1384
1408
1421
1437
1462
1464
1465
1505
1602
1610
1619
1638
1671
1672
1706
1724
1725
1734
1827
1829
1893
1906
1912
1987
2016
2023
2038
2061
2187
2192
2199
2200
2206
2214
2215
2273
2281
2308
2332
2338
2351
2352
2380
2498
2531
2548
2568
2572
2585
2586
2622
2630
2636
2637
2644
2753
2818
2829
2840
2886
2890
2958
2959
2961
2994
2997
3006
3045
3088
3097
3099
3111
3120
3126
3129
3137
3175
3179
3180
3199
3202
3234
3239
3247
3298
3346
3390
3407
3463
3510
3526
3531
3537
3612
3628
3652
3658
3666
3677
3685
3697
3700
3706
3722
3774
3788
3819
3884
3887
3911
3928
3929
3932
3941
3964
3977
3978
4005
4028
4041
4050
4131
4136
4164
4169
4206
4223
4252
4271
4291
4335
4354
4374
4387
4416
4528
4538
4541
4545
4584
4586
4622
4629
4649
4661
4665
4680
4690
4735
4754
4842
4914
4935
4943
4964
4973
4983
4995
5011
5056
5125
5145
5186
5191
5213
5228
5234
5244
5293
5300
5306
5315
5330
5339
5382
5386
5388
5418
5453
5460
5465
5477
5511
5524
5532
5551
5562
5569
5605
5612
5621
5623
5650
5656
5668
5671
5672
5693
5697
5714
5731
5772
5776
5801
5839
5841
5861
5868
5884
6012
6016
6038
6083
6116
6129
6149
6150
6152
6158
6163
6171
6174
6178
6282
6286
6364
6402
6438
6456
6494
6516
6525
6544
6644
6666
6671
6692
6693
6766
6811
6823
6835
6870
6887
6890
6906
6984
7040
7130
7167
7210
7288
7374
7441
7453
7456
7524
7561
7571
7594
7599
7628
7643
7652
7687
7691
7759
7760
7764
7791
7805
7838
7854
7920
7960
7977
7980
7992
8012
8061
8075
8110
8116
8226
8228
8295
8323
8327
8388
8402
8413
8439
8449
8501
8539
8540
8548
8549
8553
8560
8565
8632
8658
8670
8673
8727
8740
8743
8749
8757
8758
8773
8788
8809
8811
8875
8896
8925
8933
8951
8959
8975
8992
9017
9056
9065
9097
9115
9127
9146
9177
9195
9232
9242
9244
9247
9261
9269
9317
9330
9396
9412
9434
9447
9466
9532
9535
9557
9566
9620
9654
9695
9704
9715
9739
9807
9810
9812
9843
9860
9889
9919
9936
9947
9996
10030
10031
10038
10056
10075
10088
10092
10122
10123
10161
10208
10257
10261
10267
10287
10306
10309
10316
10331
10359
10380
10405
10421
10448
10450
10473
10559
10590
10617
10626
10658
10662
10717
10723
10751
10762
10777
10790
10795
10806
10811
10832
10941
11076
11126
11140
11157
11163
11172
11210
11213
11227
11232
11243
11275
11292
11296
11307
11308
11311
11332
11360
11373
11388
11397
11422
11457
11499
11504
11516
11517
11521
11547
11549
11580
11592
11594
11597
11607
11612
11623
11652
11660
11663
11677
11678
11682
11688
11700
11703
11715
11774
11786
11803
11804
11828
11856
11865
11876
11883
11896
11910
11920
11931
11940
11984
12002
12008
12085
12100
12112
12116
12159
12162
12262
12275
12288
12297
12314
12347
12405
12460
12483
12497
12551
12588
12613
12637
12664
12712
12775
12863
12881
12950
12979
12982
12986
13000
13063
13070
13074
13122
13125
13129
13148
13155
13160
13172
13263
13298
13342
13364
13379
13380
13381
13407
13421
13436
13474
13503
13504
13520
13531
13609
13657
13662
13670
13704
13711
13739
13744
13745
13778
13795
13823
13858
13877
13881
13889
13910
13940
13962
13963
14016
14071
14097
14099
14106
14112
14114
14170
14177
14179
14197
14198
14205
14217
14220
14271
14295
14323
14326
14351
14361
14451
14502
14510
14514
14515
14541
14562
14563
14586
14594
14609
14661
14683
14687
14695
14717
14723
14731
14764
14783
14813
14868
14885
14892
14902
14909
14917
14927
14954
14970
14990
15056
15066
15082
15090
15104
15123
15180
15187
15197
15204
15274
15302
15363
15368
15375
15384
15466
15501
15505
15536
15585
15616
15637
15646
15652
15690
15694
15726
15738
15740
15752
15782
15817
15821
15857
15867
15903
15930
15976
16001
16054
16055
16092
16094
16152
16163
16174
16203
16211
16255
16258
16262
16284
16305
16317
16370
16382
16394
16413
16480
16488
16517
16523
16551
16563
16588
16595
16601
16655
16664
16684
16688
16720
16725
16731
16744
16773
16821
16909
16911
16917
16937
16943
16973
16977
16988
16993
16999
17021
17042
17052
17061
17099
17108
17136
17171
17187
17209
17218
17228
17261
17263
17270
17296
17303
17356
17367
17371
17406
17409
17429
17433
17466
17490
17539
17553
17579
17589
17607
17679
17687
17709
17798
17869
17906
17927
17945
17969
17974
17987
18000
18007
18018
18020
18035
18071
18090
18166
18175
18178
18209
18223
18235
18361
18438
18467
18488
18495
18498
18513
18539
18557
18566
18567
18580
18605
18681
18719
18740
18760
18761
18778
18785
18800
18817
18831
18850
18898
18926
18937
18963
18968
18989
19034
19048
19053
19073
19076
19078
19104
19111
19148
19199
19243
19248
19260
19279
19302
19311
19333
19336
19353
19355
19367
19371
19380
19399
19429
19470
19486
19500
19505
19517
19549
19565
19590
19597
19616
19660
19667
19679
19709
19716
19776
19793
19796
19801
19824
19842
19862
19866
19873
19953
19992
20047
20095
20114
20165
20181
20187
20197
20211
20224
20264
20296
20305
20354
20380
20385
20430
20440
20456
20472
20518
20519
20559
20599
20600
20613
20649
20674
20676
20679
20693
20708
20713
20720
20759
20764
20777
20787
20796
20804
20851
20854
20855
20857
20869
20894
20912
20955
20988
21043
21065
21093
21098
21110
21112
21114
21129
21133
21141
21170
21209
21212
21236
21328
21330
21350
21390
21408
21461
21470
21471
21489
21519
21523
21528
21537
21547
21559
21562
21571
21575
21592
21609
21627
21648
21680
21683
21738
21761
21799
21801
21837
21894
21895
21919
21985
22001
22009
22016
22023
22024
22033
22038
22051
22055
22067
22085
22095
22117
22127
22140
22156
22162
22166
22182
22187
22252
22292
22296
22315
22333
22396
22433
22466
22475
22482
22538
22543
22573
22598
22605
22623
22627
22643
22651
22652
22685
22694
22802
22805
22822
22856
22918
22925
22943
22956
22959
22967
22982
22989
23009
23047
23089
23103
23134
23141
23169
23199
23215
23242
23282
23284
23291
23311
23325
23332
23345
23361
23403
23407
23427
23467
23471
23500
23527
23529
23550
23569
23575
23613
23624
23651
23664
23701
23711
23717
23751
23759
23783
23798
23819
23841
23846
23861
23863
23868
23875
23886
23894
23895
23969
24009
24011
24027
24029
24039
24048
24070
24087
24107
24114
24116
24152
24173
24175
24211
24234
24257
24278
24284
24299
24306
24316
24341
24343
24407
24493
24494
24537
24550
24570
24586
24614
24619
24638
24640
24657
24693
24709
24731
24746
24770
24788
24901
24964
24975
25001
25010
25021
25036
25060
25091
25129
25143
25159
25173
25191
25275
25325
25338
25361
25405
25407
25428
25461
25499
25506
25510
25548
25623
25630
25647
25654
25708
25736
25739
25762
25766
25786
25862
25907
25963
25973
25978
25991
25994
26002
26039
26065
26094
26101
26113
26121
26159
26201
26250
26284
26348
26358
26384
26391
26394
26405
26452
26468
26483
26506
26508
26511
26518
26561
26585
26600
26622
26647
26652
26654
26655
26662
26759
26763
26766
26769
26774
26790
26801
26817
26822
26825
26832
26852
26869
26877
26880
26932
26941
26952
26970
26989
27007
27011
27018
27030
27058
27085
27112
27122
27143
27146
27148
27151
27174
27196
27211
27245
27287
27291
27311
27341
27343
27344
27358
27365
27419
27435
27448
27483
27523
27527
27551
27569
27575
27589
27636
27650
27660
27668
27675
27694
27707
27716
27717
27719
27752
27755
27807
27815
27821
27970
27979
28010
28024
28038
28046
28071
28077
28119
28120
28141
28159
28166
28175
28183
28185
28189
28229
28233
28235
28259
28261
28285
28309
28358
28376
28405
28406
28441
28459
28534
28543
28549
28567
28615
28674
28684
28709
28713
28747
28759
28780
28781
28846
28863
28886
28887
28907
28968
28974
29000
29002
29059
29066
29143
29153
29169
29186
29207
29234
29257
29311
29349
29401
29440
29444
29458
29473
29485
29514
29519
29529
29536
29546
29551
29565
29574
29576
29602
29620
29642
29668
29697
29721
29724
29744
29750
29784
29805
29843
29851
29911
29924
29978
29985
29987
29992
30038
30043
30064
30103
30118
30161
30175
30178
30180
30194
30209
30215
30220
30223
30263
30276
30327
30363
30369
30379
30392
30404
30420
30462
30465
30525
30546
30565
30580
30615
30619
30637
30649
30733
30764
30773
30776
30814
30850
30853
30899
30924
30934
30954
30973
31008
31009
31039
31074
31089
31096
31106
31115
31170
31176
31183
31205
31252
31291
31298
31387
31396
31403
31419
31422
31453
31458
31490
31534
31540
31643
31722
31726
31771
31774
31805
31843
31845
31885
31905
31920
31937
31956
31986
32040
32062
32064
32065
32115
32163
32204
32273
32295
32380
32407
32439
32492
32495
32575
32591
32595
32664
32717
32729
32745
32766
32810
32886
32952
32984
33010
33078
33088
33089
33110
33147
33149
33157
33196
33201
33219
33224
33248
33250
33316
33341
33362
33376
33433
33447
33472
33483
33486
33563
33620
33637
33639
33640
33651
33665
33671
33685
33693
33739
33762
33766
33781
33782
33809
33813
33830
33839
33848
33886
33893
33905
33923
33950
34006
34012
34024
34032
34072
34073
34077
34078
34110
34232
34249
34251
34271
34285
34348
34366
34370
34376
34386
34395
34423
34442
34456
34480
34502
34507
34526
34549
34572
34573
34586
34633
34665
34667
34671
34731
34753
34796
34843
34872
34958
34964
34973
35018
35037
35038
35043
35047
35073
35080
35095
35167
35188
35218
35257
35260
35262
35288
35330
35331
35358
35372
35393
35402
35476
35490
35504
35520
35568
35579
35618
35635
35657
35676
35733
35795
35799
35852
35861
35893
35943
36010
36021
36059
36143
36165
36179
36198
36250
36254
36277
36283
36315
36329
36384
36458
36479
36504
36529
36549
36559
36634
36659
36683
36695
36705
36713
36794
36797
36807
36818
36837
36846
36924
36925
36929
36967
36978
36982
37002
37012
37014
37027
37050
37067
37071
37088
37155
37157
37197
37220
37245
37326
37363
37365
37376
37407
37452
37478
37480
37490
37499
37509
37533
37535
37536
37540
37544
37552
37597
37629
37730
37743
37782
37819
37857
37927
37961
37972
38071
38116
38153
38200
38238
38277
38280
38282
38363
38371
38379
38393
38406
38414
38426
38452
38483
38501
38515
38516
38532
38561
38601
38602
38644
38663
38740
38759
38778
38793
38804
38820
38836
38838
38878
38916
38933
38985
38998
39041
39099
39115
39117
39183
39238
39264
39274
39320
39330
39331
39427
39449
39450
39517
39567
39570
39620
39696
39721
39731
39743
39771
39801
39824
39828
39832
39837
39839
39841
39870
39879
39894
39995
40015
40037
40052
40063
40068
40079
40080
40081
40082
40083
40100
40101
40102
40233
40257
40265
40290
40291
40324
40352
40393
40413
40414
40450
40507
40508
40564
40582
40596
40599
40605
40619
40638
40693
40708
40711
40724
40734
40753
40762
40777
40810
40812
40825
40855
40875
40895
40903
40907
40915
40976
41089
41122
41126
41128
41147
41169
41173
41245
41261
41262
41328
41338
41347
41348
41357
41359
41361
41363
41378
41396
41408
41409
41415
41427
41468
41477
41505
41508
41535
41563
41571
41580
41592
41614
41640
41736
41741
41787
41811
41857
41885
41895
41899
41920
41967
41976
41977
41996
42000
42025
42042
42047
42053
42055
42073
42081
42127
42128
42139
42140
42149
42171
42208
42221
42224
42244
42246
42253
42262
42263
42264
42295
42306
42343
42349
42387
42395
42414
42441
42458
42462
42473
42554
42556
42560
42573
42591
42599
42627
42667
42672
42704
42727
42739
42741
42770
42841
42863
42869
42888
42900
42905
42912
42941
42994
43008
43020
43042
43068
43081
43104
43112
43121
43199
43282
43311
43325
43333
43346
43376
43437
43441
43474
43489
43539
43540
43548
43552
43560
43591
43596
43604
43614
43632
43634
43642
43669
43695
43696
43710
43721
43739
43815
43847
43854
43859
43863
43865
43935
44056
44206
44245
44289
44303
44315
44321
44352
44372
44391
44394
44433
44449
44469
44470
44508
44521
44547
44568
44588
44638
44646
44653
44678
44682
44710
44716
44723
44775
44786
44793
44810
44818
44829
44873
44881
44895
44919
44920
44928
44945
44952
44964
44969
44975
44996
45040
45048
45055
45059
45093
45118
45126
45145
45188
45197
45198
45235
45241
45284
45287
45288
45316
45384
45405
45418
45426
45465
45466
45497
45498
45539
45614
45658
45672
45673
45696
45715
45734
45735
45754
45760
45797
45813
45829
45832
45841
45848
45866
45892
45905
45906
45920
45922
45943
45959
45984
45993
46004
46059
46079
46107
46131
46166
46171
46178
46219
46221
46225
46227
46233
46323
46351
46356
46438
46446
46599
46623
46629
46647
46654
46664
46685
46696
46698
46713
46730
46731
46744
46748
46752
46774
46775
46808
46848
46861
46878
46986
47002
47005
47050
47066
47085
47101
47128
47174
47182
47187
47237
47262
47267
47299
47307
47337
47340
47362
47363
47367
47419
47429
47435
47448
47511
47512
47574
47614
47619
47637
47648
47656
47660
47686
47690
47697
47709
47743
47767
47836
47841
47845
47876
47903
47927
47944
47986
47999
48017
48024
48031
48033
48093
48105
48126
48150
48151
48152
48171
48196
48222
48260
48308
48339
48340
48345
48353
48385
48405
48410
48435
48439
48451
48471
48544
48568
48626
48633
48646
48648
48652
48662
48672
48706
48734
48743
48766
48827
48854
48859
48863
48887
48916
48978
49001
49022
49031
49057
49064
49065
49072
49073
49086
49087
49088
49121
49125
49136
49137
49147
49151
49158
49167
49206
49208
49228
49238
49258
49260
49266
49269
49278
49300
49302
49338
49369
49370
49460
49461
49520
49534
49589
49611
49634
49642
49652
49664
49766
49779
49783
49816
49831
49842
49849
49864
49879
49880
49926
49930
49971
49997
