32
72
146
282
351
389
428
466
474
568
593
597
618
655
788
801
837
886
921
1026
1053
1074
1090
1154
1247
1420
1596
1613
1628
1730
1733
1744
1761
1789
1790
1799
1802
1869
2097
2192
2230
2279
2288
2356
2411
2504
2615
2631
2659
2666
2690
2810
2849
2872
2893
2939
3203
3256
3309
3311
3327
3386
3588
3596
3707
3727
3742
3900
3947
4062
4077
4086
4097
4289
4334
4404
4409
4412
4417
4568
4640
4656
4663
4754
4785
4786
4821
4840
4877
4980
5002
5021
5059
5066
5261
5330
5489
5494
5522
5572
5622
5672
5763
5793
5882
5959
5983
6074
6101
6252
6325
6589
6664
6733
6786
6851
6968
7001
7062
7159
7173
7255
7428
7486
7540
7575
7675
7710
7735
7823
7869
7899
7950
8061
8070
8317
8393
8416
8460
8480
8785
8937
8959
8979
8991
9002
9161
9218
9417
9457
9487
9501
9660
9858
9862
9992
9997
10013
10074
10108
10117
10314
10448
10454
10487
10512
10554
10600
10627
10749
10786
10798
10869
10983
11150
11184
11212
11215
11223
11236
11256
11270
11275
11392
11452
11466
11470
11615
11652
11668
11672
11683
11708
11711
11751
11954
12001
12077
12102
12141
12185
12222
12283
12301
12306
12308
12337
12367
12407
12411
12412
12434
12495
12560
12629
12692
12765
12927
13029
13156
13180
13188
13207
13213
13214
13248
13329
13389
13455
13495
13504
13511
13515
13537
13538
13603
13607
13611
13615
13653
13715
13797
13809
13929
14024
14067
14132
14231
14256
14324
14425
14474
14476
14478
14538
14640
14679
14687
14740
14830
14859
14876
14967
14994
15028
15064
15069
15075
15156
15162
15227
15272
15273
15291
15335
15372
15402
15425
15524
15664
15675
15696
15756
15776
15793
15800
15832
15879
15934
15950
16063
16106
16233
16242
16248
16301
16316
16353
16372
16476
16548
16585
16627
16679
16739
16756
16803
16883
16966
16986
17172
17218
17295
17310
17480
17554
17677
17695
17771
17796
17810
17858
17908
17936
17991
18005
18015
18048
18071
18117
18173
18257
18301
18642
18692
18736
18851
19107
19170
19189
19270
19275
19382
19430
19499
19508
19550
19589
19646
19692
19765
19798
19886
19930
19970
20093
20160
20184
20238
20240
20268
20324
20333
20377
20552
20561
20628
20689
20693
20825
20864
20881
20915
21033
21045
21149
21152
21256
21411
21423
21537
21612
21628
21704
21756
21763
21800
21811
21960
21989
22065
22237
22330
22332
22335
22450
22499
22502
22656
22767
22801
22903
22947
22992
23050
23100
23103
23282
23323
23358
23368
23380
23417
23463
23593
23616
23705
23747
23795
23809
23812
23832
23876
23877
23887
23917
23989
24024
24148
24186
24211
24230
24234
24253
24279
24298
24322
24354
24373
24388
24389
24544
24551
24552
24579
24601
24873
24886
24918
24932
24973
24987
25046
25078
25173
25208
25354
25377
25423
25438
25595
25819
25829
25830
26012
26077
26089
26135
26154
26190
26197
26206
26235
26241
26248
26257
26403
26409
26432
26530
26574
26701
26802
26839
26841
27051
27111
27184
27200
27240
27273
27299
27329
27365
27371
27420
27454
27509
27524
27541
27554
27610
27687
27802
27830
28032
28045
28136
28225
28252
28277
28370
28379
28382
28416
28492
28601
28708
28873
28956
28958
29068
29093
29097
29103
29164
29223
29230
29238
29259
29409
29467
29794
29860
29932
29973
30011
30057
30149
30191
30202
30449
30526
30569
30608
30615
30727
30750
30754
30785
30813
30858
31128
31232
31277
31430
31575
31583
31629
31634
31665
31685
31720
31780
31806
31829
31854
31895
31900
32063
32072
32074
32080
32106
32261
32304
32340
32367
32435
32552
32565
32762
32837
32853
32855
32953
33022
33025
33107
33122
33126
33292
33402
33405
33436
33460
33491
33492
33547
33560
33627
33637
33658
33665
33673
33713
33748
33785
33840
33865
33917
33966
33967
34045
34134
34166
34209
34349
34370
34399
34427
34443
34542
34552
34570
34675
34700
34735
34794
34820
34835
34850
35174
35184
35266
35412
35625
35637
35756
35830
35866
35904
35943
35978
35979
36005
36040
36058
36070
36115
36380
36493
36537
36596
36666
36668
36684
36848
36935
37215
37264
37275
37278
37321
37332
37387
37410
37473
37586
37604
37714
37774
37840
37913
37933
38007
38162
38169
38174
38251
38298
38318
38357
38401
38438
38455
38735
38744
38751
38786
38831
38845
38853
38872
38922
38957
39087
39097
39132
39190
39305
39493
39673
39729
39732
39769
39785
39856
39858
39867
40100
40108
40202
40396
40462
40554
40778
40797
40804
40811
40852
40960
40964
41004
41011
41026
41087
41271
41310
41472
41537
41554
41706
41786
41799
41909
41936
41992
42046
42140
42141
42186
42261
42291
42308
42332
42401
42507
42509
42539
42577
42584
42761
42791
42833
42851
42859
42947
43073
43201
43218
43380
43398
43439
43459
43521
43570
43585
43726
43730
43761
43780
43839
43959
43986
43988
44052
44062
44077
44080
44099
44113
44194
44235
44329
44411
44427
44489
44490
44568
44571
44575
44585
44591
44673
44680
44684
44686
44699
44772
44817
44883
45013
45135
45160
45164
45199
45220
45298
45308
45392
45431
45470
45562
45677
45755
45765
45840
45968
46075
46077
46124
46193
46213
46256
46312
46317
46445
46723
46732
46788
46826
46868
46908
46975
47016
47036
47067
47096
47116
47212
47254
47256
47280
47405
47569
47649
47785
47804
47895
47915
47934
48173
48196
48312
48408
48434
48519
48545
48565
48590
48631
48633
48680
48694
48816
48897
48928
48981
49080
49124
49129
49392
49398
49419
49464
49502
49596
49623
49698
49733
49854
49871
49909
49952
49966
49982
