1
5
19
31
35
45
49
50
53
64
75
77
88
96
99
102
103
109
110
112
113
126
132
140
142
145
147
154
162
165
166
168
184
186
188
191
219
223
225
227
230
248
250
255
265
283
296
302
306
307
311
316
330
333
340
352
360
364
371
393
396
401
406
409
415
438
453
466
473
474
477
481
495
498
501
506
526
546
549
553
565
580
590
593
594
608
612
617
620
626
644
646
657
659
672
690
694
699
706
714
719
723
725
736
749
768
791
833
835
840
848
866
876
884
885
890
900
915
917
930
946
950
964
977
980
989
997
1004
1013
1020
1026
1034
1037
1049
1075
1078
1086
1097
1103
1112
1114
1123
1131
1137
1140
1147
1158
1171
1182
1186
1188
1190
1196
1201
1217
1233
1238
1240
1260
1263
1266
1284
1287
1289
1290
1293
1299
1304
1305
1320
1324
1326
1350
1356
1362
1379
1384
1389
1408
1420
1421
1437
1446
1462
1464
1465
1491
1493
1499
1504
1505
1507
1509
1516
1536
1540
1541
1548
1557
1560
1570
1574
1578
1593
1599
1602
1610
1611
1617
1619
1621
1638
1640
1666
1671
1672
1695
1702
1706
1707
1721
1724
1725
1731
1734
1747
1768
1775
1781
1791
1795
1827
1829
1830
1857
1893
1895
1906
1907
1912
1913
1926
1933
1947
1950
1952
1960
1968
1987
2005
2016
2021
2023
2029
2035
2038
2053
2060
2061
2067
2072
2084
2094
2122
2146
2168
2170
2187
2189
2199
2200
2204
2206
2209
2214
2215
2227
2230
2232
2239
2249
2250
2255
2273
2277
2281
2286
2304
2308
2318
2328
2332
2338
2341
2342
2350
2351
2352
2355
2365
2380
2394
2431
2455
2469
2488
2490
2498
2531
2548
2568
2572
2585
2586
2589
2617
2622
2629
2630
2636
2637
2644
2652
2656
2661
2673
2683
2701
2753
2756
2762
2765
2769
2771
2811
2818
2821
2825
2829
2837
2840
2844
2845
2863
2883
2886
2890
2895
2898
2926
2931
2950
2958
2959
2961
2962
2964
2967
2976
2994
2995
2996
2997
3000
3006
3009
3020
3034
3045
3059
3066
3078
3079
3088
3097
3099
3103
3110
3111
3117
3120
3126
3129
3137
3175
3179
3180
3199
3202
3216
3219
3228
3234
3239
3242
3247
3256
3257
3285
3290
3298
3304
3308
3320
3327
3332
3346
3354
3369
3382
3390
3392
3397
3402
3405
3407
3422
3425
3441
3443
3444
3461
3462
3463
3464
3483
3494
3507
3510
3522
3523
3526
3530
3531
3537
3578
3582
3585
3596
3612
3620
3626
3628
3647
3652
3658
3664
3665
3666
3677
3678
3685
3694
3697
3700
3706
3722
3729
3735
3743
3774
3788
3798
3814
3815
3818
3819
3821
3825
3831
3851
3859
3884
3885
3886
3887
3893
3901
3911
3915
3928
3929
3932
3937
3941
3951
3964
3977
3978
3984
3985
3990
3999
4005
4018
4021
4028
4041
4050
4053
4061
4096
4129
4131
4136
4137
4164
4169
4172
4176
4180
4183
4192
4195
4200
4202
4206
4223
4230
4231
4252
4265
4271
4286
4289
4291
4296
4297
4299
4308
4311
4314
4322
4327
4328
4334
4335
4342
4345
4353
4354
4358
4360
4373
4374
4379
4385
4387
4390
4394
4400
4413
4416
4450
4457
4458
4483
4506
4524
4528
4533
4538
4541
4545
4557
4562
4570
4582
4584
4586
4592
4607
4609
4615
4621
4622
4625
4629
4648
4649
4654
4655
4656
4659
4661
4663
4665
4673
4680
4690
4717
4722
4735
4741
4743
4754
4756
4769
4770
4777
4797
4816
4821
4832
4842
4866
4888
4906
4914
4924
4925
4935
4943
4950
4957
4964
4966
4973
4983
4985
4991
4995
5011
5015
5030
5041
5050
5056
5063
5089
5099
5103
5115
5121
5123
5125
5130
5131
5145
5146
5149
5171
5174
5179
5182
5186
5191
5210
5212
5213
5214
5224
5228
5230
5234
5244
5249
5259
5269
5287
5293
5295
5300
5301
5306
5315
5339
5345
5382
5386
5388
5418
5423
5429
5432
5434
5447
5453
5460
5465
5477
5484
5485
5511
5512
5519
5524
5532
5551
5552
5562
5569
5583
5584
5605
5612
5615
5616
5618
5619
5621
5622
5623
5627
5629
5650
5656
5663
5668
5669
5671
5672
5683
5684
5693
5697
5703
5714
5719
5731
5743
5759
5761
5764
5765
5770
5772
5776
5779
5801
5811
5816
5831
5839
5841
5858
5861
5867
5868
5874
5883
5884
5931
5933
5939
5940
5957
5959
5975
5984
6012
6016
6038
6040
6056
6072
6073
6080
6083
6090
6097
6109
6116
6120
6129
6137
6142
6149
6150
6152
6158
6160
6162
6163
6171
6174
6178
6185
6191
6195
6231
6243
6246
6249
6251
6264
6270
6281
6282
6286
6295
6331
6339
6341
6347
6359
6362
6364
6373
6375
6376
6402
6432
6437
6438
6440
6453
6456
6471
6489
6494
6516
6525
6539
6544
6578
6599
6603
6605
6612
6644
6659
6660
6661
6666
6670
6671
6673
6685
6692
6693
6696
6701
6706
6711
6725
6733
6735
6738
6743
6758
6766
6811
6813
6814
6823
6835
6852
6854
6858
6860
6862
6870
6879
6887
6890
6899
6900
6906
6907
6912
6915
6919
6920
6927
6929
6946
6952
6969
6971
6984
7003
7015
7019
7038
7040
7043
7045
7056
7059
7064
7078
7102
7107
7130
7145
7147
7167
7168
7176
7177
7210
7214
7221
7238
7257
7284
7288
7289
7299
7300
7312
7315
7317
7321
7324
7326
7336
7342
7347
7350
7352
7367
7370
7374
7408
7411
7415
7441
7442
7445
7453
7456
7457
7471
7475
7478
7490
7504
7519
7524
7530
7533
7541
7547
7550
7552
7556
7561
7563
7571
7579
7586
7594
7597
7599
7600
7605
7628
7635
7643
7647
7652
7653
7687
7691
7706
7707
7712
7723
7754
7759
7760
7764
7772
7783
7791
7802
7805
7826
7832
7838
7854
7865
7866
7868
7875
7879
7888
7914
7920
7943
7951
7959
7960
7977
7980
7983
7992
8012
8028
8035
8041
8049
8055
8075
8076
8083
8084
8090
8110
8116
8117
8122
8143
8149
8155
8170
8174
8190
8197
8208
8209
8226
8228
8231
8283
8292
8295
8309
8313
8317
8323
8327
8332
8338
8339
8346
8361
8374
8378
8388
8389
8402
8413
8416
8419
8423
8439
8444
8449
8455
8475
8486
8493
8501
8528
8538
8539
8540
8542
8548
8549
8550
8553
8556
8558
8560
8563
8565
8569
8570
8574
8598
8600
8614
8617
8632
8655
8658
8667
8670
8673
8699
8727
8734
8735
8740
8743
8749
8757
8758
8769
8773
8774
8779
8788
8791
8802
8809
8811
8813
8818
8820
8825
8834
8837
8861
8875
8896
8912
8925
8933
8937
8951
8971
8975
8977
8992
8994
9000
9016
9017
9028
9031
9048
9056
9065
9085
9096
9097
9098
9115
9118
9127
9140
9146
9151
9164
9177
9182
9189
9195
9200
9221
9223
9230
9232
9236
9241
9242
9244
9247
9252
9254
9261
9269
9285
9314
9317
9330
9335
9349
9353
9358
9361
9365
9380
9381
9396
9411
9412
9413
9430
9434
9437
9441
9447
9453
9466
9471
9480
9495
9499
9507
9508
9532
9535
9538
9542
9557
9565
9566
9578
9582
9583
9584
9588
9602
9608
9610
9611
9618
9620
9651
9654
9666
9668
9687
9690
9695
9696
9704
9715
9726
9733
9739
9762
9765
9766
9767
9771
9799
9801
9807
9810
9812
9819
9843
9860
9863
9864
9868
9887
9889
9905
9919
9932
9936
9946
9947
9949
9961
9965
9966
9970
9996
9998
10000
10022
10023
10026
10030
10031
10038
10039
10056
10064
10075
10083
10088
10092
10100
10111
10112
10122
10123
10138
10145
10146
10161
10163
10166
10190
10205
10208
10213
10234
10236
10239
10251
10257
10261
10265
10267
10285
10287
10300
10306
10309
10314
10316
10321
10331
10351
10352
10359
10362
10367
10380
10385
10398
10404
10405
10419
10421
10430
10438
10449
10450
10453
10473
10492
10493
10504
10529
10535
10548
10559
10570
10589
10590
10605
10615
10617
10626
10634
10642
10644
10648
10658
10662
10667
10674
10682
10686
10687
10697
10711
10713
10717
10723
10738
10751
10756
10762
10764
10777
10790
10795
10806
10811
10824
10827
10828
10832
10833
10841
10846
10868
10872
10910
10912
10941
10950
10955
10963
10985
10989
11000
11014
11029
11035
11075
11076
11107
11109
11126
11140
11157
11163
11169
11170
11172
11179
11210
11213
11224
11227
11232
11235
11243
11251
11264
11280
11292
11296
11297
11307
11308
11311
11315
11321
11332
11360
11361
11367
11369
11373
11374
11384
11388
11395
11397
11422
11427
11432
11440
11444
11453
11457
11464
11472
11478
11479
11489
11497
11499
11504
11516
11517
11521
11535
11537
11547
11549
11563
11580
11582
11592
11594
11597
11607
11612
11620
11623
11630
11633
11651
11657
11660
11663
11664
11677
11678
11679
11681
11682
11683
11688
11690
11698
11700
11703
11704
11715
11731
11734
11774
11776
11782
11783
11786
11803
11804
11806
11810
11828
11831
11850
11856
11857
11865
11869
11876
11882
11883
11890
11892
11895
11896
11910
11912
11918
11919
11920
11931
11940
11946
11955
11966
11975
11983
11984
12001
12002
12008
12031
12038
12047
12055
12059
12067
12073
12078
12080
12085
12094
12100
12106
12112
12116
12123
12131
12136
12156
12157
12158
12159
12162
12183
12185
12192
12193
12196
12226
12231
12243
12255
12257
12258
12262
12275
12276
12280
12288
12293
12295
12297
12302
12306
12308
12309
12311
12314
12328
12343
12345
12347
12355
12368
12373
12378
12388
12393
12405
12412
12424
12425
12429
12460
12483
12487
12491
12493
12497
12517
12523
12551
12552
12560
12584
12586
12588
12594
12611
12613
12637
12659
12660
12664
12702
12704
12712
12719
12723
12732
12735
12736
12740
12746
12754
12757
12764
12773
12775
12817
12843
12856
12863
12881
12894
12898
12902
12911
12915
12925
12949
12950
12960
12970
12979
12981
12982
12984
12986
13000
13004
13005
13016
13019
13026
13030
13032
13038
13063
13068
13069
13070
13074
13077
13078
13096
13099
13110
13118
13122
13125
13129
13148
13149
13155
13160
13164
13172
13198
13199
13223
13225
13232
13263
13269
13282
13294
13298
13311
13317
13324
13336
13342
13364
13379
13380
13381
13401
13406
13407
13416
13421
13427
13436
13444
13472
13474
13480
13489
13493
13503
13504
13505
13506
13507
13520
13522
13531
13538
13549
13555
13608
13609
13613
13627
13628
13657
13662
13667
13670
13671
13681
13701
13703
13704
13711
13712
13739
13744
13745
13746
13755
13768
13774
13776
13778
13779
13784
13785
13795
13796
13823
13839
13846
13858
13875
13877
13881
13889
13895
13896
13898
13899
13905
13910
13940
13945
13952
13962
13963
13973
13976
13993
13994
13996
13997
14003
14005
14016
14022
14025
14041
14061
14068
14071
14072
14082
14097
14099
14101
14106
14110
14112
14114
14142
14151
14170
14177
14179
14186
14192
14197
14198
14201
14205
14209
14217
14220
14241
14253
14271
14295
14309
14311
14312
14316
14323
14326
14341
14347
14348
14351
14361
14384
14396
14409
14418
14422
14424
14425
14445
14447
14448
14451
14467
14468
14482
14486
14502
14506
14510
14514
14515
14518
14520
14535
14541
14545
14546
14548
14555
14562
14563
14584
14586
14591
14593
14594
14597
14598
14601
14609
14618
14621
14631
14638
14652
14658
14659
14661
14666
14672
14683
14687
14689
14695
14712
14717
14719
14720
14723
14726
14731
14740
14742
14764
14776
14783
14807
14813
14815
14828
14829
14838
14849
14851
14868
14885
14888
14892
14893
14902
14909
14912
14914
14915
14917
14927
14945
14954
14970
14990
14995
14999
15037
15040
15042
15047
15051
15056
15064
15066
15082
15090
15091
15097
15100
15104
15115
15123
15124
15131
15137
15151
15180
15183
15187
15197
15203
15204
15225
15236
15254
15261
15274
15275
15276
15281
15288
15291
15302
15306
15315
15349
15360
15363
15368
15375
15377
15384
15389
15394
15411
15420
15436
15437
15465
15466
15483
15489
15492
15501
15505
15508
15512
15524
15536
15537
15540
15557
15559
15569
15580
15581
15585
15589
15590
15596
15616
15625
15628
15631
15637
15643
15646
15652
15661
15662
15663
15668
15690
15694
15704
15707
15710
15720
15726
15734
15738
15740
15746
15751
15752
15759
15767
15773
15782
15790
15797
15799
15803
15814
15817
15821
15825
15830
15851
15857
15867
15883
15884
15891
15895
15897
15903
15906
15921
15926
15930
15931
15946
15959
15963
15965
15971
15976
15983
15988
16001
16006
16023
16036
16037
16038
16045
16054
16055
16075
16077
16082
16087
16089
16092
16094
16100
16128
16133
16135
16137
16148
16152
16160
16163
16169
16174
16202
16203
16208
16211
16214
16216
16220
16223
16233
16238
16255
16256
16258
16262
16268
16272
16276
16278
16284
16299
16301
16305
16307
16310
16317
16323
16332
16368
16369
16370
16382
16394
16413
16480
16488
16517
16523
16529
16536
16542
16543
16551
16552
16563
16587
16588
16595
16601
16613
16631
16634
16637
16640
16645
16651
16655
16659
16664
16673
16677
16678
16684
16686
16688
16710
16718
16720
16725
16730
16731
16732
16734
16737
16744
16754
16755
16768
16773
16784
16810
16821
16829
16836
16838
16857
16863
16884
16890
16909
16911
16917
16925
16929
16930
16937
16943
16956
16962
16966
16968
16973
16975
16977
16981
16985
16988
16989
16993
16997
16999
17014
17021
17042
17052
17056
17061
17078
17093
17099
17103
17107
17108
17111
17126
17135
17136
17147
17161
17166
17169
17171
17187
17199
17203
17209
17218
17219
17221
17223
17228
17232
17253
17255
17261
17263
17266
17268
17269
17270
17274
17275
17277
17288
17296
17303
17349
17356
17361
17363
17367
17371
17389
17405
17406
17409
17429
17433
17438
17456
17461
17466
17471
17479
17484
17490
17492
17539
17553
17560
17579
17589
17590
17593
17606
17607
17617
17620
17640
17671
17673
17674
17679
17680
17687
17688
17697
17709
17718
17727
17751
17755
17766
17767
17768
17771
17782
17787
17792
17798
17815
17843
17851
17856
17860
17861
17862
17869
17884
17901
17906
17914
17927
17945
17950
17959
17969
17974
17977
17987
17991
17995
18000
18007
18018
18020
18028
18034
18035
18039
18052
18066
18071
18078
18079
18080
18090
18099
18123
18125
18129
18130
18136
18166
18175
18178
18192
18207
18209
18211
18223
18228
18235
18246
18276
18297
18301
18304
18320
18332
18340
18358
18359
18361
18378
18383
18415
18433
18435
18438
18465
18467
18479
18480
18488
18495
18498
18513
18539
18544
18545
18557
18566
18567
18580
18592
18594
18599
18605
18615
18628
18637
18649
18673
18674
18681
18699
18703
18706
18719
18738
18740
18745
18760
18761
18763
18767
18776
18778
18785
18792
18800
18803
18804
18817
18831
18833
18850
18859
18861
18879
18898
18922
18926
18937
18963
18968
18979
18984
18989
19002
19008
19009
19011
19027
19031
19033
19034
19046
19048
19052
19053
19055
19073
19076
19078
19079
19082
19092
19103
19104
19111
19116
19136
19148
19161
19166
19170
19185
19193
19199
19227
19243
19248
19260
19265
19268
19273
19279
19280
19302
19310
19311
19333
19336
19351
19353
19354
19355
19363
19367
19371
19380
19395
19399
19409
19429
19441
19454
19457
19469
19470
19472
19477
19486
19489
19499
19500
19505
19517
19522
19539
19549
19565
19569
19572
19573
19586
19590
19594
19597
19616
19641
19653
19660
19667
19677
19678
19679
19704
19709
19711
19716
19727
19736
19741
19745
19769
19776
19792
19793
19795
19796
19801
19810
19824
19826
19842
19862
19866
19867
19873
19884
19898
19920
19926
19928
19942
19946
19953
19961
19985
19986
19989
19992
20011
20012
20013
20018
20024
20039
20042
20047
20055
20057
20070
20071
20074
20095
20110
20114
20136
20147
20148
20162
20165
20168
20181
20187
20192
20197
20203
20205
20211
20224
20264
20265
20267
20276
20282
20287
20293
20296
20302
20305
20317
20331
20333
20354
20380
20385
20424
20430
20440
20442
20447
20449
20450
20452
20456
20463
20468
20472
20475
20494
20498
20503
20511
20518
20519
20543
20546
20553
20559
20575
20586
20597
20599
20600
20613
20619
20622
20649
20661
20667
20674
20676
20679
20686
20693
20694
20708
20713
20720
20722
20746
20759
20763
20764
20765
20777
20783
20787
20796
20804
20811
20822
20843
20847
20851
20853
20854
20855
20857
20866
20869
20874
20894
20896
20911
20912
20915
20946
20950
20951
20955
20970
20973
20974
20976
20980
20981
20988
21016
21023
21043
21045
21065
21081
21093
21094
21098
21105
21110
21112
21114
21129
21133
21141
21142
21151
21153
21154
21166
21170
21196
21204
21209
21212
21217
21222
21224
21229
21236
21282
21284
21288
21306
21312
21321
21328
21330
21338
21350
21387
21390
21408
21411
21418
21439
21454
21461
21466
21470
21471
21472
21476
21489
21497
21519
21520
21523
21526
21527
21528
21537
21538
21547
21550
21559
21562
21571
21575
21592
21609
21627
21628
21648
21662
21680
21683
21706
21721
21723
21730
21738
21758
21760
21761
21768
21771
21786
21795
21799
21801
21821
21825
21829
21833
21837
21838
21868
21872
21874
21893
21894
21895
21919
21924
21934
21935
21954
21959
21960
21976
21985
22001
22009
22016
22023
22024
22033
22038
22050
22051
22054
22055
22060
22063
22067
22070
22081
22085
22089
22090
22095
22106
22108
22112
22117
22125
22127
22130
22133
22140
22156
22159
22162
22163
22164
22166
22175
22177
22182
22187
22194
22196
22206
22227
22252
22255
22263
22271
22286
22292
22296
22308
22315
22316
22320
22322
22325
22329
22333
22346
22371
22379
22396
22399
22425
22433
22466
22474
22475
22482
22495
22503
22513
22532
22533
22538
22540
22543
22549
22550
22552
22573
22574
22598
22605
22607
22609
22622
22623
22627
22631
22641
22643
22646
22651
22652
22658
22665
22684
22685
22688
22694
22697
22706
22727
22733
22746
22776
22777
22798
22802
22805
22817
22821
22822
22825
22831
22843
22856
22858
22875
22900
22902
22918
22925
22931
22936
22943
22950
22951
22952
22956
22959
22967
22975
22982
22989
22997
22998
23009
23012
23047
23052
23058
23071
23088
23089
23101
23103
23106
23120
23126
23131
23134
23141
23151
23169
23175
23187
23192
23199
23203
23208
23215
23220
23224
23231
23241
23242
23248
23260
23277
23280
23284
23291
23297
23311
23320
23325
23327
23332
23345
23353
23361
23403
23407
23425
23427
23431
23436
23439
23466
23467
23468
23471
23477
23491
23493
23500
23504
23507
23508
23527
23529
23546
23550
23551
23569
23575
23592
23593
23602
23609
23613
23624
23648
23651
23664
23684
23701
23711
23717
23723
23751
23754
23755
23759
23760
23780
23783
23786
23789
23791
23798
23812
23813
23819
23822
23825
23830
23832
23836
23841
23846
23847
23852
23854
23861
23863
23868
23875
23886
23894
23895
23917
23929
23933
23954
23958
23961
23969
24008
24009
24011
24027
24029
24039
24048
24058
24068
24070
24087
24096
24107
24114
24116
24119
24131
24138
24144
24145
24146
24152
24161
24169
24173
24175
24179
24200
24206
24211
24234
24247
24253
24257
24263
24272
24278
24284
24299
24306
24316
24336
24341
24343
24351
24354
24356
24395
24407
24408
24417
24425
24428
24446
24462
24468
24470
24474
24486
24493
24494
24504
24507
24510
24517
24520
24535
24537
24541
24549
24550
24570
24586
24590
24591
24594
24600
24605
24614
24619
24620
24625
24627
24638
24640
24653
24657
24665
24668
24676
24678
24693
24695
24709
24713
24722
24724
24731
24739
24746
24762
24770
24777
24785
24788
24790
24802
24820
24870
24884
24895
24901
24932
24935
24963
24964
24968
24975
24999
25001
25003
25010
25014
25021
25027
25036
25048
25060
25091
25112
25114
25123
25129
25136
25143
25159
25161
25165
25173
25177
25181
25182
25186
25189
25191
25192
25206
25207
25221
25224
25231
25232
25242
25267
25271
25273
25275
25278
25282
25288
25314
25316
25319
25325
25329
25331
25332
25337
25338
25344
25357
25361
25362
25363
25366
25396
25405
25407
25422
25428
25433
25461
25466
25488
25499
25502
25506
25510
25514
25528
25542
25548
25577
25614
25623
25627
25630
25635
25647
25654
25672
25675
25682
25697
25700
25701
25704
25708
25710
25731
25736
25739
25762
25766
25786
25842
25844
25852
25856
25862
25866
25883
25898
25907
25920
25926
25930
25932
25941
25963
25973
25976
25978
25991
25994
26002
26039
26065
26080
26092
26094
26101
26113
26121
26124
26158
26159
26162
26168
26177
26184
26201
26240
26250
26257
26267
26284
26288
26293
26297
26300
26304
26318
26338
26348
26351
26358
26384
26385
26391
26394
26404
26405
26416
26424
26429
26433
26452
26460
26468
26483
26488
26500
26506
26508
26509
26511
26518
26519
26521
26550
26561
26571
26585
26600
26622
26636
26647
26649
26652
26654
26655
26662
26667
26693
26710
26720
26724
26759
26763
26766
26769
26774
26790
26797
26801
26815
26817
26822
26823
26825
26832
26840
26852
26869
26870
26877
26878
26880
26881
26899
26911
26918
26926
26932
26937
26941
26952
26970
26975
26989
27004
27007
27009
27011
27014
27018
27023
27024
27030
27037
27043
27058
27059
27062
27082
27084
27085
27112
27117
27122
27130
27143
27146
27147
27148
27151
27165
27166
27173
27174
27184
27191
27195
27196
27199
27211
27218
27227
27231
27239
27245
27247
27255
27256
27259
27268
27278
27287
27291
27311
27320
27321
27341
27342
27343
27344
27354
27358
27365
27382
27390
27394
27399
27417
27419
27420
27435
27439
27440
27442
27448
27450
27453
27461
27465
27483
27500
27523
27525
27527
27545
27551
27552
27555
27562
27569
27575
27589
27592
27600
27601
27607
27609
27625
27626
27627
27629
27630
27636
27645
27650
27660
27668
27675
27687
27693
27694
27700
27702
27706
27707
27710
27716
27717
27719
27752
27755
27774
27807
27815
27821
27850
27856
27874
27875
27882
27884
27905
27961
27962
27964
27970
27979
27986
27994
28005
28008
28010
28013
28024
28027
28029
28038
28041
28046
28061
28071
28074
28077
28080
28081
28086
28098
28116
28119
28120
28121
28138
28139
28141
28151
28159
28166
28175
28179
28183
28185
28189
28228
28229
28231
28233
28235
28248
28259
28260
28261
28265
28268
28270
28276
28278
28285
28298
28309
28311
28323
28357
28358
28376
28378
28379
28393
28400
28405
28406
28417
28434
28441
28446
28448
28459
28466
28478
28525
28526
28532
28534
28542
28543
28549
28563
28567
28596
28603
28615
28619
28625
28626
28634
28636
28643
28674
28684
28688
28709
28713
28725
28747
28759
28770
28780
28781
28798
28803
28804
28834
28846
28863
28883
28886
28887
28896
28907
28910
28914
28937
28955
28957
28963
28966
28968
28974
28989
29000
29002
29003
29023
29024
29049
29053
29058
29059
29063
29066
29068
29083
29095
29115
29118
29134
29143
29146
29153
29156
29169
29171
29175
29186
29188
29192
29198
29202
29207
29231
29234
29246
29252
29257
29269
29270
29277
29290
29308
29311
29314
29315
29318
29328
29336
29348
29349
29385
29396
29401
29404
29409
29440
29443
29444
29458
29466
29467
29469
29473
29477
29480
29485
29512
29513
29514
29516
29519
29527
29529
29536
29540
29542
29546
29551
29552
29565
29574
29576
29599
29602
29605
29607
29616
29620
29623
29639
29642
29653
29657
29659
29668
29679
29697
29699
29702
29703
29711
29721
29724
29729
29744
29747
29750
29759
29777
29783
29784
29792
29805
29806
29807
29809
29813
29819
29830
29843
29845
29851
29868
29869
29875
29878
29884
29891
29910
29911
29912
29917
29918
29924
29943
29976
29978
29980
29985
29987
29990
29992
30009
30014
30038
30043
30049
30064
30067
30069
30074
30088
30093
30100
30101
30103
30116
30118
30120
30132
30136
30153
30154
30161
30165
30171
30175
30178
30180
30191
30194
30198
30206
30208
30209
30215
30220
30223
30227
30228
30244
30245
30263
30272
30276
30312
30313
30323
30327
30331
30332
30343
30344
30345
30363
30369
30376
30379
30383
30388
30392
30399
30404
30407
30408
30420
30426
30429
30439
30440
30442
30462
30465
30468
30471
30474
30489
30501
30517
30518
30525
30546
30553
30558
30565
30580
30594
30597
30604
30613
30614
30615
30619
30620
30621
30635
30637
30649
30655
30670
30674
30682
30695
30716
30717
30733
30749
30752
30764
30765
30768
30773
30776
30782
30792
30799
30803
30814
30829
30837
30840
30850
30851
30853
30878
30899
30904
30912
30924
30930
30934
30943
30954
30966
30973
30975
30999
31004
31008
31009
31020
31039
31061
31074
31080
31086
31087
31089
31092
31096
31106
31107
31113
31114
31115
31118
31126
31138
31169
31170
31176
31183
31201
31204
31205
31216
31245
31246
31252
31253
31270
31274
31291
31294
31298
31311
31312
31315
31319
31323
31325
31338
31341
31356
31387
31393
31394
31395
31396
31403
31419
31422
31445
31448
31453
31458
31459
31470
31471
31476
31478
31481
31490
31495
31506
31534
31535
31539
31540
31552
31556
31558
31560
31587
31600
31612
31634
31638
31643
31655
31678
31691
31694
31700
31709
31722
31726
31728
31765
31771
31774
31776
31790
31805
31824
31843
31845
31855
31862
31865
31885
31890
31899
31905
31920
31937
31954
31956
31970
31976
31986
31997
32024
32040
32054
32062
32064
32065
32072
32083
32099
32106
32112
32115
32140
32144
32156
32161
32163
32168
32189
32204
32205
32214
32218
32239
32258
32260
32263
32265
32273
32286
32295
32305
32323
32326
32355
32361
32363
32366
32380
32381
32398
32402
32407
32411
32418
32439
32454
32472
32473
32479
32484
32485
32491
32492
32495
32505
32538
32552
32564
32575
32591
32594
32595
32601
32617
32631
32646
32653
32661
32664
32666
32692
32693
32711
32717
32720
32729
32734
32745
32766
32771
32775
32790
32797
32806
32810
32827
32828
32829
32831
32839
32848
32874
32886
32893
32925
32932
32937
32951
32952
32967
32971
32984
32988
33008
33010
33016
33025
33028
33034
33037
33044
33051
33077
33078
33088
33089
33099
33110
33118
33146
33147
33149
33157
33178
33181
33186
33188
33194
33196
33201
33202
33206
33207
33213
33219
33224
33232
33237
33248
33250
33257
33261
33285
33305
33307
33309
33314
33316
33334
33336
33341
33362
33369
33370
33376
33382
33390
33400
33408
33414
33415
33418
33426
33433
33437
33441
33444
33447
33456
33458
33465
33472
33483
33486
33502
33505
33507
33510
33516
33532
33539
33550
33561
33563
33593
33594
33611
33617
33620
33637
33639
33640
33641
33650
33651
33658
33665
33671
33674
33685
33686
33687
33693
33703
33712
33718
33724
33732
33739
33741
33742
33743
33744
33745
33753
33754
33762
33766
33781
33782
33785
33796
33808
33809
33813
33819
33826
33828
33830
33831
33838
33839
33848
33850
33859
33865
33886
33890
33893
33905
33910
33923
33941
33945
33950
33966
33975
34006
34009
34012
34017
34024
34026
34032
34033
34035
34038
34040
34052
34060
34063
34064
34070
34072
34073
34075
34077
34078
34080
34083
34090
34110
34123
34138
34153
34162
34167
34189
34190
34199
34217
34232
34246
34249
34250
34251
34258
34263
34271
34285
34301
34307
34327
34336
34337
34342
34347
34348
34366
34370
34376
34381
34385
34386
34395
34399
34402
34420
34423
34426
34427
34435
34442
34454
34456
34480
34486
34502
34507
34526
34533
34538
34543
34547
34549
34555
34556
34558
34561
34571
34572
34573
34586
34589
34616
34633
34665
34667
34671
34688
34701
34705
34730
34731
34742
34745
34752
34753
34768
34780
34796
34802
34828
34843
34871
34872
34878
34895
34905
34911
34914
34939
34948
34953
34958
34964
34973
35018
35028
35037
35038
35043
35046
35047
35048
35066
35073
35080
35086
35087
35089
35095
35104
35167
35180
35182
35184
35188
35208
35209
35218
35222
35248
35257
35260
35262
35263
35288
35327
35330
35331
35344
35354
35356
35358
35364
35371
35372
35373
35380
35393
35402
35423
35440
35443
35456
35457
35465
35468
35474
35476
35490
35498
35504
35520
35526
35539
35546
35568
35579
35587
35594
35605
35611
35618
35623
35625
35634
35635
35651
35657
35669
35676
35688
35699
35701
35705
35713
35717
35728
35733
35744
35791
35795
35799
35805
35806
35810
35817
35820
35834
35838
35839
35847
35850
35852
35858
35861
35868
35884
35893
35915
35921
35928
35929
35939
35942
35946
35948
35971
35983
35988
35990
36010
36021
36033
36046
36059
36060
36064
36067
36071
36083
36092
36101
36106
36115
36143
36153
36165
36179
36180
36181
36184
36187
36198
36208
36231
36250
36251
36254
36272
36277
36283
36287
36292
36304
36305
36314
36315
36325
36329
36333
36334
36343
36365
36370
36383
36384
36422
36458
36464
36467
36474
36479
36485
36490
36504
36519
36520
36522
36529
36531
36549
36550
36559
36563
36564
36569
36573
36578
36594
36595
36634
36648
36659
36663
36683
36695
36705
36706
36710
36713
36715
36749
36763
36771
36774
36794
36797
36807
36808
36818
36837
36838
36846
36848
36850
36867
36888
36918
36921
36924
36925
36929
36938
36941
36950
36967
36976
36978
36982
36993
37000
37002
37012
37014
37021
37024
37027
37039
37047
37050
37053
37062
37067
37068
37069
37071
37079
37088
37094
37124
37155
37157
37177
37179
37188
37197
37199
37203
37220
37245
37247
37248
37263
37265
37274
37300
37313
37326
37349
37353
37358
37363
37365
37371
37373
37376
37387
37389
37390
37401
37407
37418
37440
37452
37453
37456
37458
37478
37480
37485
37490
37491
37499
37509
37512
37517
37522
37533
37535
37536
37540
37544
37548
37552
37570
37576
37590
37597
37606
37613
37614
37629
37641
37646
37647
37666
37677
37687
37688
37696
37698
37712
37730
37743
37747
37761
37772
37778
37782
37798
37809
37819
37826
37830
37847
37857
37866
37870
37896
37905
37913
37927
37937
37944
37952
37955
37961
37962
37972
37978
37979
37981
37997
38000
38008
38030
38033
38039
38044
38048
38050
38070
38071
38084
38086
38090
38092
38116
38123
38148
38153
38167
38173
38175
38177
38183
38186
38187
38200
38204
38206
38207
38233
38238
38254
38256
38277
38280
38282
38283
38294
38333
38340
38347
38349
38363
38371
38379
38387
38393
38406
38414
38420
38426
38431
38438
38446
38452
38465
38470
38480
38483
38484
38501
38515
38516
38519
38520
38527
38532
38545
38549
38552
38561
38566
38573
38574
38580
38586
38589
38590
38593
38598
38601
38602
38612
38630
38637
38641
38642
38644
38663
38664
38668
38685
38691
38707
38719
38740
38759
38770
38778
38793
38799
38804
38818
38820
38836
38838
38843
38847
38878
38902
38910
38913
38916
38923
38933
38935
38937
38943
38948
38958
38970
38985
38995
38998
39001
39009
39022
39023
39027
39041
39089
39099
39113
39115
39117
39125
39138
39159
39183
39192
39208
39230
39238
39256
39264
39271
39274
39275
39292
39294
39301
39311
39320
39327
39329
39330
39331
39340
39348
39352
39360
39373
39396
39427
39439
39449
39450
39454
39481
39486
39489
39493
39509
39516
39517
39523
39530
39567
39570
39584
39600
39606
39619
39620
39622
39676
39679
39691
39696
39698
39699
39721
39724
39729
39731
39743
39744
39746
39769
39771
39772
39774
39780
39792
39796
39800
39801
39818
39820
39824
39828
39832
39837
39839
39841
39856
39870
39879
39891
39892
39894
39897
39905
39906
39942
39948
39960
39982
39987
39995
40005
40009
40015
40018
40027
40028
40032
40037
40052
40059
40063
40065
40068
40074
40079
40080
40081
40082
40083
40090
40092
40100
40101
40102
40125
40138
40149
40184
40188
40212
40218
40219
40220
40232
40233
40249
40257
40264
40265
40290
40291
40292
40294
40313
40324
40328
40338
40352
40358
40370
40375
40386
40393
40394
40401
40413
40414
40422
40425
40432
40449
40450
40479
40499
40504
40507
40508
40509
40516
40518
40526
40531
40537
40541
40547
40564
40576
40582
40590
40596
40599
40605
40607
40619
40638
40639
40644
40655
40660
40678
40693
40703
40708
40710
40711
40715
40718
40722
40724
40734
40739
40740
40753
40762
40777
40790
40807
40809
40810
40812
40814
40815
40817
40822
40825
40855
40867
40875
40876
40880
40885
40895
40903
40906
40907
40915
40927
40942
40970
40972
40974
40976
40981
40984
40996
41006
41011
41017
41030
41032
41043
41063
41089
41101
41105
41122
41126
41128
41133
41147
41153
41169
41173
41189
41215
41230
41233
41245
41257
41259
41261
41262
41266
41274
41277
41289
41291
41312
41328
41336
41338
41347
41348
41352
41357
41359
41361
41363
41378
41396
41408
41409
41415
41427
41453
41468
41477
41484
41489
41497
41505
41508
41527
41535
41538
41563
41571
41580
41592
41595
41597
41606
41611
41614
41640
41644
41654
41657
41660
41666
41682
41710
41717
41736
41737
41741
41742
41748
41762
41763
41776
41786
41787
41797
41811
41829
41842
41847
41849
41857
41869
41885
41887
41895
41899
41907
41920
41924
41926
41933
41937
41966
41967
41971
41975
41976
41977
41996
42000
42025
42042
42047
42053
42055
42060
42062
42065
42071
42073
42081
42113
42119
42127
42128
42137
42139
42140
42143
42149
42155
42163
42171
42179
42190
42203
42205
42208
42211
42221
42224
42228
42230
42235
42241
42244
42246
42253
42260
42262
42263
42264
42276
42281
42287
42294
42295
42298
42301
42306
42312
42318
42335
42341
42343
42349
42352
42376
42387
42395
42410
42414
42437
42441
42454
42455
42458
42459
42462
42473
42475
42477
42484
42490
42498
42507
42512
42554
42556
42559
42560
42569
42573
42588
42589
42591
42599
42606
42609
42614
42616
42618
42627
42630
42631
42639
42655
42658
42665
42667
42672
42673
42678
42697
42700
42704
42709
42710
42715
42727
42734
42739
42741
42751
42758
42765
42770
42790
42796
42805
42841
42851
42856
42860
42863
42868
42869
42878
42888
42900
42905
42912
42918
42927
42941
42954
42956
42967
42972
42978
42994
43006
43008
43013
43015
43020
43023
43037
43042
43055
43068
43081
43098
43104
43112
43121
43148
43162
43164
43178
43186
43199
43206
43211
43214
43217
43218
43220
43229
43239
43252
43258
43267
43274
43280
43282
43292
43296
43303
43308
43311
43325
43327
43333
43343
43346
43358
43371
43372
43376
43403
43416
43417
43437
43441
43443
43447
43454
43457
43474
43489
43501
43521
43524
43531
43539
43540
43548
43552
43560
43573
43591
43593
43596
43604
43605
43614
43630
43632
43634
43636
43638
43642
43664
43667
43668
43669
43684
43694
43695
43696
43700
43710
43721
43735
43738
43739
43741
43745
43749
43775
43780
43785
43804
43815
43818
43828
43831
43838
43847
43853
43854
43859
43863
43865
43902
43913
43919
43935
43954
43984
43985
43992
44000
44026
44027
44030
44045
44056
44074
44079
44082
44134
44153
44162
44168
44175
44185
44206
44243
44244
44245
44246
44253
44266
44289
44299
44303
44315
44321
44335
44339
44352
44364
44367
44372
44379
44391
44394
44423
44431
44433
44449
44451
44465
44466
44469
44470
44474
44488
44498
44508
44509
44520
44521
44529
44541
44544
44545
44547
44549
44553
44554
44563
44588
44601
44612
44621
44633
44638
44643
44646
44653
44659
44666
44678
44682
44695
44697
44699
44710
44716
44721
44723
44732
44747
44751
44764
44765
44767
44775
44777
44785
44786
44793
44804
44810
44818
44829
44834
44835
44841
44864
44873
44881
44895
44916
44917
44919
44920
44924
44928
44936
44945
44952
44956
44962
44964
44968
44969
44971
44975
44976
44993
44996
44997
45005
45014
45016
45030
45038
45040
45048
45055
45059
45063
45066
45067
45070
45081
45085
45089
45093
45100
45105
45118
45124
45126
45132
45144
45145
45150
45151
45180
45182
45188
45197
45198
45200
45201
45233
45235
45241
45254
45259
45272
45274
45279
45284
45287
45288
45291
45295
45296
45304
45313
45314
45316
45322
45323
45347
45364
45373
45377
45384
45400
45405
45412
45418
45426
45431
45442
45465
45466
45497
45498
45506
45524
45539
45562
45584
45600
45609
45614
45616
45621
45641
45658
45672
45673
45696
45711
45715
45734
45735
45744
45745
45754
45760
45768
45773
45775
45780
45785
45789
45797
45813
45829
45832
45835
45840
45841
45848
45863
45866
45867
45877
45878
45886
45892
45899
45905
45906
45920
45922
45935
45943
45946
45953
45959
45972
45977
45984
45993
46004
46043
46046
46047
46059
46070
46079
46104
46107
46108
46117
46127
46131
46137
46140
46141
46145
46166
46171
46178
46194
46207
46213
46219
46221
46225
46227
46232
46233
46268
46285
46294
46300
46323
46328
46332
46351
46356
46362
46376
46396
46407
46427
46430
46438
46446
46458
46511
46513
46519
46520
46526
46541
46544
46547
46553
46558
46581
46586
46592
46599
46618
46623
46629
46631
46632
46643
46647
46652
46654
46664
46674
46678
46685
46689
46696
46698
46713
46717
46723
46730
46731
46732
46741
46744
46748
46750
46752
46753
46769
46770
46774
46775
46776
46788
46808
46831
46848
46850
46861
46865
46866
46877
46878
46883
46893
46904
46943
46947
46966
46981
46986
46990
47001
47002
47005
47026
47033
47048
47050
47058
47066
47067
47083
47085
47093
47101
47108
47110
47124
47128
47141
47150
47156
47171
47172
47174
47176
47182
47187
47190
47201
47208
47226
47237
47262
47267
47271
47277
47288
47299
47307
47310
47314
47328
47337
47340
47348
47349
47362
47363
47364
47366
47367
47377
47397
47404
47405
47419
47429
47430
47435
47448
47457
47470
47474
47483
47488
47511
47512
47525
47541
47566
47574
47594
47614
47616
47618
47619
47624
47637
47642
47645
47648
47656
47660
47686
47690
47697
47706
47709
47735
47743
47749
47756
47759
47763
47767
47772
47809
47823
47836
47841
47842
47845
47852
47855
47870
47873
47874
47876
47888
47891
47901
47903
47912
47925
47927
47939
47944
47955
47974
47985
47986
47989
47999
48017
48024
48025
48029
48031
48032
48033
48034
48053
48059
48064
48075
48093
48094
48096
48099
48102
48105
48122
48126
48150
48151
48152
48164
48171
48178
48179
48185
48188
48196
48211
48212
48222
48224
48234
48254
48257
48260
48279
48280
48293
48308
48310
48315
48316
48318
48321
48329
48338
48339
48340
48345
48353
48355
48360
48385
48386
48389
48399
48405
48408
48410
48415
48424
48426
48435
48438
48439
48441
48451
48471
48479
48484
48508
48520
48528
48529
48544
48545
48568
48584
48610
48618
48626
48633
48634
48636
48639
48646
48648
48652
48656
48662
48667
48672
48675
48682
48698
48706
48709
48716
48729
48734
48739
48740
48743
48746
48748
48766
48792
48806
48818
48819
48820
48824
48827
48831
48851
48854
48856
48859
48863
48875
48887
48898
48916
48941
48969
48972
48975
48978
49001
49022
49031
49036
49050
49057
49064
49065
49066
49072
49073
49080
49084
49086
49087
49088
49096
49098
49121
49125
49128
49135
49136
49137
49147
49151
49158
49167
49205
49206
49208
49228
49230
49238
49258
49260
49266
49269
49276
49278
49283
49285
49300
49302
49310
49313
49326
49328
49329
49338
49346
49355
49356
49361
49362
49365
49369
49370
49375
49383
49388
49402
49403
49418
49421
49436
49444
49460
49461
49469
49505
49510
49513
49515
49520
49526
49530
49534
49539
49556
49589
49590
49593
49611
49634
49635
49642
49645
49652
49658
49663
49664
49676
49687
49699
49705
49716
49718
49723
49734
49743
49759
49766
49769
49779
49783
49786
49787
49816
49831
49839
49842
49849
49850
49864
49879
49880
49886
49926
49930
49933
49935
49944
49947
49956
49963
49967
49971
49997
49999
