1
5
19
31
50
53
64
75
77
88
96
99
102
103
109
110
113
140
142
166
168
184
186
188
219
223
225
227
230
248
265
283
302
306
307
311
316
330
333
340
360
364
396
401
406
409
415
438
466
473
495
501
506
526
546
553
590
594
608
612
617
620
626
644
646
657
659
672
690
699
706
714
719
723
725
736
749
768
791
803
833
840
848
884
890
900
915
917
930
946
950
964
977
980
1026
1034
1037
1049
1075
1078
1112
1114
1131
1137
1140
1158
1171
1186
1190
1196
1201
1217
1233
1240
1260
1263
1266
1289
1290
1293
1304
1305
1320
1326
1356
1379
1384
1408
1420
1421
1437
1462
1464
1465
1499
1504
1505
1536
1541
1570
1602
1610
1611
1619
1638
1666
1671
1672
1706
1707
1724
1725
1731
1734
1747
1775
1781
1827
1829
1857
1893
1895
1906
1907
1912
1933
1947
1950
1987
2016
2023
2029
2038
2053
2061
2067
2084
2094
2146
2168
2170
2187
2192
2199
2200
2204
2206
2214
2215
2230
2232
2239
2250
2273
2281
2286
2308
2332
2338
2351
2352
2365
2380
2431
2455
2488
2490
2498
2531
2548
2568
2572
2585
2586
2622
2629
2630
2636
2637
2644
2656
2753
2762
2765
2818
2825
2829
2837
2840
2845
2886
2890
2898
2931
2950
2958
2959
2961
2962
2976
2994
2997
3000
3006
3020
3045
3059
3079
3088
3097
3099
3110
3111
3117
3120
3126
3129
3137
3175
3179
3180
3199
3202
3216
3219
3228
3234
3239
3247
3298
3308
3346
3369
3390
3392
3402
3405
3407
3422
3441
3444
3461
3462
3463
3494
3507
3510
3523
3526
3530
3531
3537
3612
3620
3626
3628
3647
3652
3658
3664
3666
3677
3685
3697
3700
3706
3722
3774
3788
3798
3814
3819
3821
3825
3851
3884
3885
3886
3887
3893
3901
3911
3915
3928
3929
3932
3941
3964
3977
3978
3984
3985
4005
4018
4028
4041
4131
4136
4164
4169
4180
4183
4202
4206
4223
4230
4252
4265
4271
4289
4291
4297
4308
4327
4328
4335
4345
4354
4358
4360
4374
4387
4390
4413
4416
4450
4457
4458
4524
4528
4533
4538
4541
4545
4570
4584
4586
4607
4609
4621
4622
4625
4629
4648
4649
4654
4659
4661
4665
4673
4680
4690
4735
4756
4769
4770
4816
4832
4842
4866
4914
4924
4935
4943
4964
4973
4983
4985
4991
4995
5011
5041
5056
5099
5115
5121
5125
5130
5145
5146
5174
5179
5186
5191
5213
5228
5234
5244
5259
5269
5287
5293
5295
5300
5301
5306
5315
5330
5339
5382
5386
5388
5418
5453
5460
5465
5477
5485
5511
5512
5519
5524
5532
5551
5562
5569
5605
5612
5616
5618
5619
5621
5623
5629
5650
5656
5668
5671
5672
5684
5693
5697
5714
5731
5743
5772
5776
5779
5801
5811
5839
5841
5858
5861
5868
5874
5884
5957
5975
6012
6016
6038
6040
6072
6073
6083
6109
6116
6129
6137
6142
6149
6150
6152
6158
6163
6171
6174
6178
6185
6195
6231
6264
6270
6282
6286
6341
6347
6359
6364
6373
6375
6402
6432
6438
6440
6453
6456
6471
6489
6494
6516
6525
6539
6544
6578
6599
6603
6605
6644
6659
6661
6666
6670
6671
6673
6692
6693
6701
6706
6711
6735
6738
6758
6766
6811
6813
6823
6835
6860
6870
6887
6890
6900
6906
6907
6918
6919
6920
6952
6969
6984
7015
7040
7078
7102
7130
7145
7167
7168
7210
7214
7238
7257
7284
7288
7299
7315
7321
7324
7326
7336
7350
7352
7367
7370
7374
7408
7441
7445
7453
7456
7457
7471
7478
7524
7530
7541
7556
7561
7571
7586
7594
7599
7605
7628
7635
7643
7647
7652
7653
7687
7691
7706
7712
7754
7759
7760
7764
7772
7783
7791
7805
7838
7854
7866
7879
7888
7920
7943
7951
7959
7960
7977
7980
7983
7992
8012
8028
8035
8041
8061
8075
8076
8084
8090
8110
8116
8122
8149
8155
8170
8174
8197
8208
8226
8228
8231
8283
8295
8313
8323
8327
8346
8388
8389
8402
8413
8419
8439
8444
8449
8455
8475
8486
8493
8501
8528
8539
8540
8542
8548
8549
8553
8556
8560
8565
8570
8574
8598
8632
8655
8658
8667
8670
8673
8699
8727
8734
8735
8740
8743
8749
8757
8758
8769
8773
8774
8779
8788
8791
8802
8809
8811
8813
8818
8820
8834
8837
8875
8896
8925
8933
8937
8951
8959
8971
8975
8977
8992
8994
9016
9017
9028
9031
9048
9056
9065
9085
9096
9097
9115
9127
9146
9151
9177
9195
9221
9232
9241
9242
9244
9247
9254
9261
9269
9285
9317
9330
9349
9358
9380
9381
9396
9412
9434
9441
9447
9453
9466
9501
9508
9532
9535
9538
9557
9565
9566
9578
9583
9588
9608
9610
9620
9651
9654
9695
9704
9715
9726
9739
9766
9767
9799
9807
9810
9812
9819
9843
9860
9864
9889
9905
9919
9932
9936
9946
9947
9949
9961
9996
9998
10022
10023
10026
10030
10031
10038
10056
10075
10088
10092
10112
10122
10123
10138
10145
10146
10161
10163
10166
10205
10208
10213
10234
10236
10251
10257
10261
10267
10285
10287
10300
10306
10309
10316
10321
10331
10351
10352
10359
10362
10380
10405
10421
10448
10450
10473
10504
10529
10535
10559
10570
10590
10605
10617
10626
10644
10648
10658
10662
10674
10682
10686
10687
10711
10717
10723
10738
10751
10756
10762
10777
10790
10795
10806
10811
10824
10827
10832
10833
10841
10846
10868
10872
10910
10941
10950
10985
11000
11035
11075
11076
11107
11109
11126
11140
11157
11163
11172
11179
11210
11213
11227
11232
11243
11275
11292
11296
11307
11308
11311
11332
11360
11361
11367
11373
11374
11388
11395
11397
11422
11427
11440
11444
11453
11457
11464
11472
11478
11479
11497
11499
11504
11516
11517
11521
11537
11547
11549
11580
11592
11594
11597
11607
11612
11620
11623
11652
11657
11660
11663
11664
11677
11678
11681
11682
11688
11690
11700
11703
11704
11715
11731
11734
11774
11776
11782
11786
11803
11804
11806
11828
11831
11850
11856
11865
11869
11876
11883
11890
11896
11910
11912
11918
11919
11920
11931
11940
11966
11983
11984
12002
12008
12055
12059
12073
12078
12085
12100
12112
12116
12123
12136
12156
12159
12162
12193
12257
12258
12262
12263
12275
12288
12295
12297
12306
12309
12311
12314
12328
12345
12347
12373
12388
12405
12425
12460
12483
12497
12551
12584
12586
12588
12594
12611
12613
12637
12660
12664
12704
12712
12719
12723
12735
12746
12757
12764
12775
12817
12863
12881
12902
12949
12950
12970
12979
12982
12984
12986
13000
13004
13005
13032
13038
13063
13070
13074
13077
13078
13096
13110
13122
13125
13129
13148
13149
13155
13160
13172
13199
13214
13223
13232
13263
13294
13298
13311
13317
13342
13364
13379
13380
13381
13407
13416
13421
13436
13444
13474
13493
13503
13507
13520
13522
13531
13549
13555
13608
13609
13627
13657
13662
13667
13670
13704
13711
13712
13739
13744
13745
13746
13755
13768
13778
13779
13785
13795
13796
13823
13846
13858
13877
13881
13889
13895
13896
13910
13940
13962
13963
13973
13976
13993
13996
14003
14016
14025
14041
14068
14071
14072
14097
14099
14101
14106
14110
14112
14114
14142
14170
14177
14179
14192
14197
14198
14201
14205
14217
14220
14241
14253
14271
14295
14311
14323
14326
14347
14351
14361
14396
14422
14424
14445
14447
14451
14467
14468
14482
14486
14502
14506
14510
14514
14515
14535
14541
14555
14562
14563
14586
14591
14594
14598
14609
14618
14638
14659
14661
14683
14687
14689
14695
14712
14717
14719
14723
14731
14764
14783
14807
14813
14849
14851
14868
14885
14888
14892
14902
14909
14912
14917
14927
14954
14970
14990
14999
15042
15047
15051
15056
15064
15066
15082
15090
15091
15104
15115
15123
15180
15187
15197
15203
15204
15261
15274
15275
15276
15302
15315
15349
15360
15363
15368
15375
15377
15384
15389
15436
15465
15466
15501
15505
15508
15512
15536
15540
15557
15585
15590
15616
15637
15643
15646
15652
15661
15662
15663
15668
15690
15694
15704
15710
15720
15726
15738
15740
15746
15752
15759
15767
15782
15799
15803
15814
15817
15821
15825
15830
15857
15867
15883
15891
15903
15921
15926
15930
15946
15965
15976
15983
16001
16036
16037
16054
16055
16077
16082
16092
16094
16100
16128
16133
16137
16148
16152
16163
16169
16174
16202
16203
16211
16216
16220
16223
16238
16255
16256
16258
16262
16272
16276
16284
16299
16301
16305
16307
16317
16332
16370
16382
16394
16413
16480
16488
16517
16523
16529
16536
16542
16551
16552
16563
16587
16588
16595
16601
16613
16631
16651
16655
16664
16673
16678
16684
16688
16718
16720
16725
16730
16731
16737
16744
16754
16755
16768
16773
16810
16821
16884
16909
16911
16917
16925
16937
16943
16956
16966
16973
16975
16977
16981
16988
16989
16993
16999
17014
17021
17042
17052
17061
17099
17107
17108
17111
17136
17171
17187
17199
17209
17218
17219
17223
17228
17232
17261
17263
17266
17268
17269
17270
17274
17275
17277
17288
17296
17303
17349
17356
17363
17367
17371
17405
17406
17409
17429
17433
17442
17461
17466
17471
17484
17490
17539
17553
17579
17589
17590
17607
17640
17673
17674
17679
17687
17697
17709
17718
17751
17755
17767
17768
17771
17782
17787
17798
17856
17861
17869
17901
17906
17927
17945
17950
17969
17974
17977
17987
17995
18000
18007
18018
18020
18034
18035
18039
18071
18078
18080
18090
18099
18166
18175
18178
18209
18223
18228
18235
18246
18276
18361
18415
18438
18467
18479
18480
18488
18495
18498
18513
18539
18545
18557
18566
18567
18580
18599
18605
18615
18628
18673
18674
18681
18703
18706
18719
18740
18760
18761
18776
18778
18785
18800
18817
18831
18850
18898
18922
18926
18937
18963
18968
18984
18989
19008
19009
19031
19034
19048
19053
19055
19073
19076
19078
19079
19082
19104
19111
19148
19161
19185
19193
19199
19243
19248
19260
19265
19268
19279
19280
19302
19310
19311
19333
19336
19351
19353
19355
19363
19367
19371
19380
19395
19399
19409
19429
19457
19470
19472
19486
19499
19500
19505
19517
19549
19565
19573
19586
19590
19594
19597
19616
19641
19660
19667
19678
19679
19709
19711
19716
19741
19745
19769
19776
19793
19796
19801
19824
19826
19842
19862
19866
19867
19873
19898
19926
19928
19953
19971
19989
19992
20012
20013
20024
20047
20057
20071
20095
20114
20165
20168
20181
20187
20197
20203
20211
20224
20264
20265
20267
20287
20296
20305
20317
20331
20333
20354
20380
20385
20430
20440
20449
20456
20463
20472
20498
20503
20518
20519
20543
20546
20553
20559
20597
20599
20600
20613
20622
20649
20661
20667
20674
20676
20679
20686
20693
20708
20713
20720
20722
20731
20759
20764
20765
20777
20787
20796
20804
20811
20822
20825
20847
20851
20854
20855
20857
20869
20874
20894
20911
20912
20946
20951
20955
20973
20974
20976
20980
20981
20988
21043
21045
21065
21093
21094
21098
21110
21112
21114
21129
21133
21141
21151
21154
21170
21204
21209
21212
21236
21282
21284
21288
21312
21328
21330
21350
21390
21408
21411
21461
21470
21471
21476
21489
21519
21520
21523
21528
21537
21538
21547
21559
21562
21571
21575
21592
21609
21627
21648
21662
21680
21683
21730
21738
21758
21761
21768
21786
21799
21801
21821
21829
21837
21838
21868
21872
21894
21895
21919
21924
21942
21954
21985
22001
22009
22016
22023
22024
22033
22038
22051
22054
22055
22060
22067
22070
22081
22085
22089
22095
22117
22125
22127
22130
22140
22156
22162
22166
22177
22182
22187
22227
22252
22292
22296
22315
22316
22322
22329
22333
22346
22371
22396
22425
22433
22466
22475
22482
22533
22538
22540
22543
22550
22573
22574
22598
22605
22607
22622
22623
22627
22641
22643
22651
22652
22658
22684
22685
22688
22694
22706
22727
22746
22802
22805
22817
22822
22831
22843
22856
22875
22902
22918
22925
22931
22943
22950
22956
22959
22967
22982
22989
23009
23012
23047
23058
23071
23088
23089
23100
23101
23103
23120
23131
23134
23141
23169
23175
23199
23203
23208
23215
23231
23241
23242
23260
23277
23282
23284
23291
23311
23320
23325
23332
23345
23361
23403
23407
23425
23427
23466
23467
23471
23477
23500
23504
23527
23529
23546
23550
23551
23569
23575
23592
23613
23624
23651
23664
23684
23701
23711
23717
23751
23755
23759
23780
23783
23798
23813
23819
23825
23830
23841
23846
23852
23861
23863
23865
23868
23875
23886
23894
23895
23961
23969
24009
24011
24027
24029
24039
24048
24058
24070
24087
24107
24114
24116
24131
24138
24145
24152
24173
24175
24200
24211
24234
24247
24257
24272
24278
24284
24299
24306
24316
24341
24343
24351
24354
24356
24395
24407
24408
24428
24462
24474
24486
24493
24494
24504
24510
24520
24537
24541
24550
24570
24586
24605
24614
24619
24627
24638
24640
24657
24665
24678
24693
24709
24722
24724
24731
24739
24746
24762
24770
24788
24820
24870
24895
24901
24935
24964
24968
24975
25001
25003
25010
25014
25021
25036
25048
25060
25091
25112
25114
25123
25129
25143
25159
25161
25173
25177
25181
25182
25186
25191
25206
25221
25224
25232
25242
25271
25273
25275
25314
25319
25325
25329
25331
25332
25338
25344
25357
25361
25363
25366
25405
25407
25422
25428
25433
25461
25466
25499
25506
25510
25514
25528
25542
25548
25577
25614
25623
25627
25630
25635
25647
25654
25682
25697
25704
25708
25710
25731
25736
25739
25762
25766
25786
25844
25852
25862
25866
25898
25907
25932
25963
25973
25978
25991
25994
26002
26039
26065
26094
26101
26113
26121
26124
26158
26159
26201
26240
26250
26284
26288
26338
26348
26358
26384
26391
26394
26405
26416
26424
26433
26452
26460
26468
26483
26500
26506
26508
26509
26511
26518
26519
26550
26561
26571
26585
26600
26622
26647
26652
26654
26655
26662
26724
26756
26759
26763
26766
26769
26774
26790
26797
26801
26815
26817
26822
26823
26825
26832
26852
26869
26870
26877
26878
26880
26881
26932
26937
26941
26952
26970
26989
27007
27011
27018
27030
27043
27058
27084
27085
27112
27122
27143
27146
27148
27151
27173
27174
27195
27196
27211
27218
27245
27255
27256
27287
27291
27311
27318
27321
27341
27342
27343
27344
27354
27358
27365
27382
27419
27420
27435
27439
27440
27448
27450
27453
27483
27500
27523
27525
27527
27551
27552
27555
27569
27575
27589
27601
27609
27627
27630
27636
27650
27660
27668
27675
27693
27694
27702
27707
27716
27717
27719
27752
27755
27807
27815
27821
27850
27874
27884
27905
27962
27970
27979
27986
27994
28005
28008
28010
28013
28024
28027
28038
28046
28061
28071
28074
28077
28086
28098
28119
28120
28121
28141
28159
28166
28175
28179
28183
28185
28189
28228
28229
28231
28233
28235
28259
28260
28261
28276
28285
28309
28358
28376
28378
28393
28400
28405
28406
28417
28441
28448
28459
28466
28525
28526
28532
28534
28542
28543
28549
28567
28615
28619
28634
28643
28674
28684
28688
28709
28713
28747
28759
28780
28781
28798
28834
28846
28863
28883
28886
28887
28896
28907
28914
28957
28968
28974
28989
29000
29002
29029
29049
29058
29059
29066
29083
29115
29143
29153
29156
29169
29186
29192
29198
29207
29234
29246
29252
29257
29269
29270
29308
29311
29336
29348
29349
29396
29401
29409
29440
29444
29458
29467
29473
29485
29513
29514
29516
29519
29527
29529
29536
29542
29546
29551
29552
29565
29574
29576
29599
29602
29605
29607
29620
29623
29639
29642
29653
29668
29697
29699
29702
29711
29721
29724
29744
29747
29750
29783
29784
29805
29809
29813
29819
29843
29845
29851
29868
29869
29878
29891
29910
29911
29918
29924
29943
29978
29980
29985
29987
29990
29992
30014
30038
30043
30049
30064
30101
30103
30118
30120
30132
30153
30154
30161
30165
30175
30178
30180
30194
30206
30209
30215
30220
30223
30244
30263
30272
30276
30312
30313
30323
30327
30332
30343
30345
30363
30369
30379
30383
30388
30392
30404
30407
30420
30426
30439
30440
30462
30465
30501
30518
30525
30546
30553
30565
30580
30594
30615
30619
30620
30621
30637
30649
30682
30716
30717
30733
30749
30752
30764
30773
30776
30792
30803
30814
30829
30840
30850
30853
30899
30912
30924
30934
30954
30973
30975
31004
31008
31009
31039
31074
31080
31087
31089
31092
31096
31106
31107
31113
31114
31115
31126
31138
31170
31176
31183
31201
31204
31205
31245
31252
31270
31274
31291
31294
31298
31311
31312
31319
31338
31356
31387
31394
31395
31396
31403
31419
31422
31448
31453
31458
31470
31481
31490
31495
31534
31539
31540
31558
31560
31612
31643
31691
31694
31722
31726
31728
31765
31771
31774
31776
31790
31805
31824
31843
31845
31862
31885
31899
31905
31920
31937
31956
31986
31997
32040
32062
32064
32065
32083
32106
32112
32115
32144
32161
32163
32168
32204
32205
32218
32239
32258
32260
32265
32273
32295
32323
32355
32380
32381
32402
32407
32411
32439
32472
32473
32479
32484
32492
32495
32538
32564
32575
32591
32595
32617
32646
32653
32664
32692
32717
32720
32729
32734
32745
32766
32790
32810
32827
32828
32829
32831
32874
32886
32932
32951
32952
32984
32988
33010
33034
33037
33077
33078
33088
33089
33110
33147
33149
33157
33178
33194
33196
33201
33202
33207
33213
33219
33224
33232
33237
33248
33250
33257
33285
33305
33307
33314
33316
33341
33362
33370
33376
33382
33390
33400
33408
33414
33415
33418
33426
33433
33437
33444
33447
33456
33465
33472
33483
33486
33505
33507
33532
33539
33563
33593
33594
33620
33637
33639
33640
33650
33651
33665
33671
33674
33685
33687
33693
33724
33732
33739
33741
33742
33743
33744
33753
33754
33762
33766
33781
33782
33809
33813
33828
33830
33831
33838
33839
33848
33859
33865
33886
33890
33893
33905
33910
33923
33945
33950
33966
34006
34012
34024
34032
34033
34038
34040
34052
34063
34070
34072
34073
34075
34077
34078
34080
34090
34110
34138
34199
34232
34246
34249
34251
34258
34271
34285
34301
34327
34336
34337
34342
34347
34348
34366
34370
34376
34385
34386
34395
34402
34423
34435
34442
34456
34480
34502
34507
34526
34533
34538
34549
34556
34561
34572
34573
34586
34589
34633
34665
34667
34671
34688
34701
34705
34730
34731
34753
34768
34780
34796
34802
34828
34843
34871
34872
34878
34895
34911
34914
34939
34953
34958
34964
34973
35018
35028
35037
35038
35043
35047
35048
35073
35080
35086
35095
35167
35180
35182
35188
35218
35222
35248
35257
35260
35262
35288
35330
35331
35344
35354
35358
35364
35372
35373
35393
35402
35423
35443
35456
35457
35476
35490
35498
35504
35520
35539
35546
35568
35579
35618
35625
35634
35635
35651
35657
35676
35699
35701
35717
35733
35791
35795
35799
35806
35817
35838
35847
35852
35861
35893
35928
35939
35943
35983
35988
36010
36021
36059
36060
36064
36067
36083
36106
36143
36165
36179
36181
36184
36198
36208
36231
36250
36251
36254
36277
36283
36287
36304
36315
36329
36333
36334
36343
36384
36458
36464
36467
36479
36485
36504
36520
36529
36549
36559
36563
36564
36573
36594
36595
36634
36648
36659
36663
36683
36695
36705
36706
36710
36713
36749
36763
36794
36797
36807
36808
36818
36837
36838
36846
36850
36888
36918
36921
36924
36925
36929
36941
36967
36978
36982
37002
37012
37014
37024
37027
37050
37067
37068
37069
37071
37088
37124
37155
37157
37188
37197
37220
37245
37248
37263
37274
37326
37349
37353
37363
37365
37376
37390
37407
37440
37452
37453
37478
37480
37490
37491
37499
37509
37533
37535
37536
37540
37544
37548
37552
37570
37597
37606
37613
37629
37647
37666
37687
37696
37698
37730
37743
37761
37782
37798
37809
37819
37826
37857
37866
37896
37927
37937
37952
37955
37961
37972
37997
38030
38071
38086
38092
38116
38153
38167
38183
38200
38233
38238
38256
38277
38280
38282
38283
38349
38363
38371
38379
38393
38406
38414
38420
38426
38438
38446
38452
38470
38483
38484
38501
38515
38516
38520
38527
38532
38552
38561
38589
38598
38601
38602
38630
38641
38644
38663
38668
38691
38719
38740
38759
38778
38793
38799
38804
38818
38820
38836
38838
38843
38878
38902
38910
38913
38916
38923
38933
38948
38985
38998
39001
39022
39041
39099
39115
39117
39159
39183
39230
39238
39264
39271
39274
39275
39294
39301
39311
39320
39327
39329
39330
39331
39373
39396
39427
39449
39450
39481
39509
39517
39523
39567
39570
39600
39619
39620
39622
39679
39691
39696
39699
39721
39724
39729
39731
39743
39744
39746
39769
39771
39774
39780
39792
39801
39824
39828
39832
39837
39839
39841
39856
39870
39879
39891
39894
39948
39953
39960
39982
39995
40015
40028
40037
40052
40059
40063
40068
40074
40079
40080
40081
40082
40083
40090
40092
40101
40102
40108
40138
40149
40188
40212
40218
40233
40249
40257
40265
40290
40291
40313
40324
40338
40352
40358
40370
40375
40386
40393
40394
40413
40414
40425
40450
40479
40504
40507
40508
40518
40526
40531
40554
40564
40576
40582
40596
40599
40605
40619
40638
40644
40655
40660
40693
40708
40710
40711
40713
40715
40722
40724
40734
40739
40753
40762
40777
40790
40809
40810
40812
40815
40822
40825
40855
40867
40875
40876
40880
40885
40895
40903
40907
40915
40927
40942
40970
40976
40984
40996
41030
41032
41043
41089
41101
41105
41122
41126
41128
41133
41147
41169
41173
41189
41245
41261
41262
41266
41289
41291
41328
41336
41338
41347
41348
41352
41357
41359
41361
41363
41378
41396
41408
41409
41415
41427
41468
41477
41489
41497
41505
41508
41535
41538
41563
41571
41580
41592
41597
41614
41640
41654
41717
41736
41741
41742
41748
41776
41787
41811
41847
41849
41857
41869
41885
41895
41899
41920
41924
41926
41933
41937
41967
41971
41976
41977
41996
42000
42025
42042
42047
42053
42055
42065
42071
42073
42081
42113
42119
42127
42128
42139
42143
42149
42171
42179
42203
42205
42208
42211
42221
42224
42244
42246
42253
42260
42262
42263
42264
42294
42295
42306
42343
42349
42387
42395
42410
42414
42441
42454
42455
42458
42462
42473
42475
42484
42498
42512
42554
42556
42559
42560
42569
42573
42588
42589
42591
42599
42606
42609
42627
42639
42667
42672
42673
42697
42704
42709
42715
42727
42739
42741
42751
42758
42770
42796
42802
42805
42841
42856
42860
42863
42869
42878
42888
42900
42905
42912
42927
42941
42972
42994
43006
43008
43015
43020
43023
43042
43068
43081
43104
43112
43121
43148
43178
43199
43206
43211
43239
43252
43258
43267
43274
43280
43282
43296
43303
43308
43311
43325
43327
43333
43343
43346
43371
43372
43376
43416
43437
43441
43443
43447
43457
43474
43489
43539
43540
43548
43552
43560
43591
43596
43604
43605
43614
43632
43634
43636
43638
43642
43667
43669
43684
43695
43696
43700
43710
43721
43739
43741
43780
43785
43815
43838
43839
43847
43854
43859
43863
43865
43902
43935
43954
43984
44026
44030
44045
44056
44074
44134
44162
44175
44206
44243
44245
44289
44303
44315
44321
44335
44339
44352
44367
44372
44391
44394
44423
44433
44449
44451
44465
44466
44469
44470
44474
44508
44520
44521
44529
44547
44554
44588
44612
44633
44638
44646
44653
44678
44682
44697
44699
44710
44716
44723
44732
44747
44764
44767
44775
44777
44786
44793
44804
44810
44818
44829
44841
44864
44873
44881
44895
44919
44920
44924
44928
44945
44952
44956
44964
44968
44969
44971
44975
44996
45005
45014
45016
45040
45048
45055
45059
45066
45067
45070
45085
45093
45118
45126
45132
45144
45145
45150
45188
45197
45198
45200
45233
45235
45241
45254
45259
45274
45279
45284
45287
45288
45296
45313
45316
45322
45364
45384
45405
45418
45426
45431
45442
45465
45466
45497
45498
45539
45584
45600
45609
45614
45621
45658
45672
45673
45696
45715
45734
45735
45745
45754
45760
45775
45780
45785
45789
45797
45813
45829
45832
45841
45848
45866
45878
45892
45899
45905
45906
45920
45922
45935
45943
45946
45959
45972
45984
45993
46004
46043
46059
46070
46079
46104
46107
46117
46127
46131
46140
46145
46166
46171
46178
46194
46207
46213
46219
46221
46225
46227
46233
46268
46294
46323
46328
46351
46356
46396
46407
46438
46446
46511
46519
46520
46526
46581
46599
46618
46623
46629
46631
46632
46647
46652
46654
46664
46674
46678
46685
46689
46696
46698
46713
46717
46721
46723
46730
46731
46732
46744
46748
46750
46752
46753
46774
46775
46788
46808
46848
46861
46866
46877
46878
46883
46940
46943
46966
46986
47001
47002
47005
47026
47050
47066
47067
47083
47085
47101
47110
47124
47128
47141
47150
47156
47174
47182
47187
47237
47262
47267
47271
47288
47299
47307
47328
47337
47340
47349
47362
47363
47364
47366
47367
47397
47419
47429
47435
47448
47470
47483
47511
47512
47525
47574
47614
47616
47619
47624
47637
47642
47648
47656
47660
47686
47690
47697
47706
47709
47743
47746
47749
47759
47763
47767
47823
47836
47841
47842
47845
47874
47876
47891
47901
47903
47925
47927
47939
47944
47955
47985
47986
47999
48017
48024
48025
48031
48033
48034
48075
48093
48094
48096
48105
48126
48150
48151
48152
48171
48179
48185
48188
48196
48212
48222
48234
48260
48279
48293
48308
48310
48315
48316
48318
48329
48339
48340
48345
48353
48385
48405
48410
48435
48438
48439
48451
48471
48508
48528
48529
48544
48568
48584
48610
48618
48626
48633
48634
48639
48646
48648
48652
48662
48672
48682
48698
48706
48734
48743
48746
48748
48766
48792
48806
48820
48824
48827
48854
48856
48859
48863
48887
48898
48916
48941
48975
48978
49001
49022
49031
49036
49050
49057
49064
49065
49072
49073
49086
49087
49088
49121
49125
49135
49136
49137
49147
49151
49158
49167
49206
49208
49228
49230
49238
49258
49260
49266
49269
49276
49278
49300
49302
49313
49338
49346
49356
49361
49362
49365
49369
49370
49375
49383
49402
49403
49460
49461
49505
49513
49520
49534
49589
49590
49611
49634
49635
49642
49652
49663
49664
49676
49705
49716
49734
49766
49779
49783
49816
49831
49842
49849
49864
49879
49880
49926
49930
49944
49947
49963
49967
49971
49997
49999
